O: [ 6.55207012e-04 -1.51268373e+00  1.54775722e+00 -1.47460354e+00
 -1.47695106e+00 -3.76453292e-06  3.00003361e-01]
A: [-0.07588837 -1.46816587  1.48442941 -1.53609778 -1.52236116  0.08638055
  0.3       ]
O: [ 6.55207012e-04 -1.51268373e+00  1.54775722e+00 -1.47460354e+00
 -1.47695106e+00 -3.76453292e-06  3.00003361e-01]
O: [-0.07265842 -1.47763243  1.49288342 -1.53567503 -1.52238526  0.08637956
  0.29995333]
A: [-0.06192508 -1.44513093  1.46179676 -1.47000966 -1.57632429  0.06429594
  0.3       ]
O: [-0.06256657 -1.45452942  1.46988961 -1.46963971 -1.57626298  0.06431722
  0.29993837]
A: [-0.0568636  -1.40763421  1.5179505  -1.43409206 -1.52141418  0.04581713
  0.3       ]
O: [-0.05800512 -1.41716102  1.51913059 -1.43372704 -1.52157898  0.04586653
  0.29995747]
A: [-0.01684328 -1.39543799  1.5808562  -1.49429589 -1.52820251  0.1271947
  0.3       ]
O: [-0.02364563 -1.40461806  1.58025523 -1.4939707  -1.52817027  0.12697048
  0.29995471]
A: [-0.06658733 -1.33584447  1.64154839 -1.56069263 -1.48104822  0.19300959
  0.3       ]
O: [-0.06304123 -1.34535448  1.64568685 -1.56036004 -1.48110056  0.19299327
  0.29996592]
A: [-0.00601469 -1.28215927  1.58464957 -1.60662351 -1.54796806  0.18884464
  0.3       ]
O: [-0.00817037 -1.29161785  1.59279716 -1.60626719 -1.54797649  0.18884473
  0.29995345]
A: [-0.03580181 -1.31499045  1.5883446  -1.65270959 -1.53268649  0.17433095
  0.3       ]
O: [-0.03262562 -1.30513596  1.59515073 -1.65239088 -1.53273403  0.17435196
  0.29996333]
A: [-0.01459431 -1.28956685  1.52128079 -1.63995249 -1.4462343   0.19622201
  0.3       ]
O: [-0.01593752 -1.29916951  1.53101261 -1.63957814 -1.44631041  0.19621786
  0.29996089]
A: [-0.05117549 -1.35737107  1.60463138 -1.57981999 -1.37044294  0.12993714
  0.3       ]
O: [-0.04952137 -1.34750807  1.60971504 -1.57949515 -1.37053027  0.12994397
  0.29996119]
A: [-0.04667111 -1.27717862  1.59624904 -1.50950967 -1.44775977  0.15175055
  0.3       ]
O: [-0.04719164 -1.28626118  1.60391578 -1.50925898 -1.44753889  0.15167514
  0.2999507 ]
A: [-0.084418   -1.29046532  1.55942929 -1.50848366 -1.3813656   0.07764716
  0.3       ]
O: [-0.07985882 -1.28055206  1.56935594 -1.50819607 -1.38150703  0.0777294
  0.29996482]
A: [-0.15855385 -1.19859746  1.54969154 -1.53560334 -1.32543657  0.04745291
  0.3       ]
O: [-0.15522318 -1.20820308  1.55720824 -1.53529347 -1.32554717  0.04745421
  0.2999576 ]
A: [-0.17392642 -1.22040471  1.55395587 -1.49904832 -1.39567739  0.07146075
  0.3       ]
O: [-0.16916291 -1.21049605  1.5602806  -1.49882442 -1.39521651  0.07127764
  0.29994796]
A: [-0.10255645 -1.1347925   1.58538741 -1.52148234 -1.44437215  0.08800326
  0.3       ]
O: [-0.10586155 -1.14434415  1.59102734 -1.52120411 -1.4444194   0.08800234
  0.29995807]
A: [-0.07060146 -1.07662626  1.54807514 -1.44992441 -1.50360304  0.06531661
  0.3       ]
O: [-0.07272425 -1.08593938  1.55567611 -1.44971888 -1.50361344  0.06531914
  0.29994864]
A: [-0.12094616 -1.14875465  1.52134266 -1.45492266 -1.51687649  0.11509681
  0.3       ]
O: [-0.11972786 -1.13881203  1.52812145 -1.45470298 -1.51689679  0.11509663
  0.2999619 ]
A: [-0.15884529 -1.1312151   1.6095187  -1.45479689 -1.47889477  0.13181526
  0.3       ]
O: [-0.14918891 -1.13248017  1.60149897 -1.45459846 -1.47919058  0.13170066
  0.29997078]
A: [-0.22556957 -1.13212583  1.60695959 -1.41105036 -1.4531091   0.20493032
  0.3       ]
O: [-0.21601548 -1.12578079  1.61252365 -1.4108899  -1.45315552  0.20487435
  0.29996671]
A: [-0.18935368 -1.19954517  1.6902615  -1.39088018 -1.47680759  0.24280527
  0.3       ]
O: [-0.19025958 -1.18962712  1.69472728 -1.39074133 -1.47683344  0.24280357
  0.29996581]
A: [-0.13263616 -1.2414629   1.63638653 -1.44284426 -1.45572985  0.23189821
  0.3       ]
O: [-0.13382096 -1.2315397   1.64329125 -1.44264055 -1.45576725  0.2318982
  0.29996315]
A: [-0.16715154 -1.21789097  1.68206701 -1.39425174 -1.37769096  0.26400228
  0.3       ]
O: [-0.15764075 -1.22612063  1.67890106 -1.39421226 -1.37918144  0.26341984
  0.29996891]
A: [-0.09735809 -1.22133811  1.63285513 -1.45845141 -1.30056158  0.32939006
  0.3       ]
O: [-0.10574492 -1.22007219  1.64266415 -1.4582261  -1.30074503  0.32931199
  0.29997146]
A: [-0.06710199 -1.30570619  1.64366313 -1.41829295 -1.34251801  0.33998153
  0.3       ]
O: [-0.06843495 -1.29579814  1.64999212 -1.41807094 -1.3425918   0.3399812
  0.29996268]
A: [ 0.00794908 -1.24082704  1.61320872 -1.48744757 -1.39847695  0.27977525
  0.3       ]
O: [ 0.00409374 -1.2497629   1.62086608 -1.48715061 -1.39851105  0.27979828
  0.29994901]
A: [ 0.06720066 -1.30138574  1.56679668 -1.46707163 -1.4048699   0.23384862
  0.3       ]
O: [ 0.06592151 -1.29146714  1.57405076 -1.46679787 -1.40492848  0.23384868
  0.29995987]
A: [ 0.12607444 -1.37672543  1.61624295 -1.39066568 -1.40549341  0.25197459
  0.3       ]
O: [ 0.1246639  -1.36684603  1.62261665 -1.39041206 -1.40555114  0.25197447
  0.29996093]
A: [ 0.10376793 -1.35190972  1.56375023 -1.41020493 -1.44017256  0.17590134
  0.3       ]
O: [ 0.10575965 -1.36146364  1.57347118 -1.40990623 -1.440219    0.17593445
  0.29995859]
A: [ 0.12505593 -1.33319033  1.52701087 -1.36361075 -1.35494504  0.16604069
  0.3       ]
O: [ 0.12365645 -1.34260138  1.53574454 -1.36334972 -1.3550382   0.16604354
  0.29995815]
A: [ 0.07274405 -1.32521908  1.50844667 -1.39066262 -1.27820458  0.17371974
  0.3       ]
O: [ 0.07979743 -1.33450214  1.5169737  -1.39040979 -1.27888729  0.17366092
  0.30000598]
A: [ 0.00436335 -1.27818846  1.43506026 -1.46590746 -1.27043451  0.09623597
  0.3       ]
O: [ 0.00647031 -1.28740944  1.44236499 -1.46558842 -1.27054555  0.096237
  0.29996212]
A: [ 0.09049506 -1.34841032  1.46799938 -1.49515768 -1.35579827  0.16375137
  0.3       ]
O: [ 0.08880268 -1.33854527  1.47491966 -1.49481546 -1.35587858  0.16375114
  0.29995818]
A: [ 0.15570465 -1.42140528  1.45817662 -1.48774353 -1.33185755  0.24235067
  0.3       ]
O: [ 0.15425171 -1.41170466  1.4655278  -1.48737381 -1.33195012  0.24235025
  0.29995981]
A: [ 0.2175396  -1.42432556  1.45777182 -1.4813494  -1.33409806  0.3234133
  0.3       ]
O: [ 0.2123181  -1.41449273  1.46533781 -1.48097461 -1.33418889  0.32339385
  0.29995538]
A: [ 0.16643886 -1.40252018  1.41203549 -1.49325207 -1.26111264  0.24239736
  0.3       ]
O: [ 0.17084333 -1.40940124  1.42179944 -1.49284838 -1.26127198  0.24243113
  0.29996314]
A: [ 0.19092137 -1.46086188  1.44846084 -1.56568811 -1.32345737  0.15528468
  0.3       ]
O: [ 0.18894844 -1.45099944  1.45407215 -1.56527646 -1.32351126  0.1553434
  0.29995441]
A: [ 0.13924495 -1.51460124  1.46381246 -1.60155915 -1.29702189  0.12089165
  0.3       ]
O: [ 0.14125297 -1.50479918  1.47085636 -1.60112607 -1.29713741  0.12089242
  0.29995757]
A: [ 0.20506919 -1.57191057  1.47227842 -1.53856306 -1.27128553  0.06216833
  0.3       ]
O: [ 0.20306882 -1.56225369  1.47962982 -1.53814477 -1.27140162  0.06216989
  0.29995858]
A: [ 0.23618677 -1.57279149  1.48967434 -1.46941375 -1.33427422  0.06043088
  0.3       ]
O: [ 0.22935648 -1.56316739  1.49500272 -1.46902031 -1.33412333  0.06043833
  0.29994625]
A: [ 0.26928064 -1.4981382   1.4424784  -1.44915918 -1.34371466  0.06881694
  0.3       ]
O: [ 0.267829   -1.50768091  1.45082878 -1.44873417 -1.34381236  0.06881695
  0.29995259]
A: [ 0.28502449 -1.5375174   1.48267861 -1.52822287 -1.33866876  0.14549742
  0.3       ]
O: [ 0.28185261 -1.52764993  1.48571684 -1.52778689 -1.33877081  0.14530823
  0.29995865]
A: [ 0.34438315 -1.53007892  1.48104061 -1.51370761 -1.31160489  0.16089213
  0.3       ]
O: [ 0.33516141 -1.52369877  1.48827564 -1.51330458 -1.31177876  0.16086187
  0.29996001]
A: [ 0.38184012 -1.49190762  1.44759896 -1.50570497 -1.28941357  0.14147751
  0.3       ]
O: [ 0.37864177 -1.50125439  1.45615889 -1.50526738 -1.28953404  0.14148069
  0.29994739]
A: [ 0.35764956 -1.43298717  1.41360029 -1.52703421 -1.32155359  0.21464495
  0.3       ]
O: [ 0.35854637 -1.44222769  1.42144899 -1.52664508 -1.32164658  0.21464135
  0.299968  ]
A: [ 0.31781986 -1.50522358  1.34246679 -1.53148961 -1.24498591  0.16126372
  0.3       ]
O: [ 0.318335   -1.49547598  1.35014195 -1.53105755 -1.24511283  0.16126376
  0.29996281]
A: [ 0.32323984 -1.4547911   1.39413797 -1.59631401 -1.2146531   0.12510466
  0.3       ]
O: [ 0.32235581 -1.46424992  1.39450923 -1.59584757 -1.2149321   0.12527827
  0.2999677 ]
A: [ 0.35813888 -1.50508112  1.47267208 -1.64262659 -1.23964234  0.18145973
  0.3       ]
O: [ 0.35547729 -1.49529829  1.47681545 -1.64220257 -1.23975877  0.18144935
  0.29995644]
A: [ 0.30845291 -1.52776175  1.52893129 -1.6549493  -1.24311716  0.26552508
  0.3       ]
O: [ 0.31159717 -1.51803929  1.53439399 -1.65452325 -1.2432516   0.26551416
  0.29995819]
A: [ 0.23892756 -1.54720304  1.53025949 -1.63278543 -1.18339679  0.19899618
  0.3       ]
O: [ 0.24180017 -1.53755067  1.53788136 -1.63236047 -1.18356286  0.19900267
  0.29996378]
A: [ 0.19491969 -1.52462986  1.58130574 -1.64413857 -1.14924745  0.25021002
  0.3       ]
O: [ 0.20435115 -1.53358555  1.58052141 -1.64364479 -1.15002478  0.24931892
  0.29996906]
A: [ 0.16311832 -1.51564452  1.49563208 -1.65384535 -1.22990363  0.25803405
  0.3       ]
O: [ 0.1652793  -1.52509345  1.50475846 -1.65342899 -1.23002856  0.25803353
  0.29995528]
A: [ 0.11616957 -1.57179179  1.43072243 -1.62873507 -1.1562704   0.23965048
  0.3       ]
O: [ 0.11702706 -1.56192892  1.43873818 -1.62829491 -1.1564238   0.23965041
  0.29996149]
A: [ 0.16623935 -1.63199439  1.39353762 -1.56160962 -1.14575951  0.29270698
  0.3       ]
O: [ 0.16504906 -1.62215979  1.40117653 -1.5611593  -1.14591412  0.29270669
  0.29996199]
A: [ 0.19370063 -1.69022587  1.4470008  -1.59419221 -1.1583826   0.32871835
  0.3       ]
O: [ 0.19152695 -1.68089611  1.45197319 -1.5937532  -1.15852179  0.32870726
  0.29996854]
A: [ 0.1333914  -1.71297213  1.48936718 -1.62205708 -1.15628156  0.34872466
  0.3       ]
O: [ 0.13706728 -1.7032349   1.49500118 -1.62158416 -1.15647398  0.3487139
  0.29996738]
A: [ 0.0832212  -1.66564961  1.45463256 -1.58805256 -1.17010252  0.42248691
  0.3       ]
O: [ 0.08662875 -1.67534507  1.46284353 -1.58754318 -1.17027305  0.42247975
  0.29995389]
A: [ 0.09816569 -1.67265926  1.43165121 -1.54301171 -1.10524244  0.4787591
  0.3       ]
O: [ 0.09613982 -1.6726725   1.44152632 -1.54255373 -1.10554463  0.47865401
  0.29996526]
A: [ 0.18297683 -1.67994318  1.3771365  -1.56277752 -1.18693287  0.43889698
  0.3       ]
O: [ 0.17586596 -1.67004153  1.38702476 -1.56230789 -1.1870545   0.43890829
  0.2999558 ]
A: [ 0.20498673 -1.75681362  1.35901563 -1.51908629 -1.12559261  0.41557494
  0.3       ]
O: [ 0.20393881 -1.74711446  1.36603843 -1.51865896 -1.12572769  0.41557636
  0.29996503]
A: [ 0.24006514 -1.79939904  1.29222734 -1.60474967 -1.08519904  0.3317956
  0.3       ]
O: [ 0.23920823 -1.78969464  1.29962422 -1.60428294 -1.08534767  0.33179587
  0.29996834]
A: [ 0.25063757 -1.82828245  1.2783898  -1.54952187 -1.09358183  0.27351444
  0.3       ]
O: [ 0.24929687 -1.81887417  1.28604437 -1.54905223 -1.09372666  0.27355211
  0.29997207]
A: [ 0.23950299 -1.85887007  1.29345055 -1.53856113 -1.15577331  0.26918668
  0.3       ]
O: [ 0.24346897 -1.84932448  1.29766139 -1.53799655 -1.15588873  0.26921355
  0.29996855]
A: [ 0.21942641 -1.81397538  1.2562957  -1.59614448 -1.15253805  0.34075934
  0.3       ]
O: [ 0.22092716 -1.82369381  1.26406751 -1.59561726 -1.15268654  0.34074823
  0.29996225]
A: [ 0.30573652 -1.803696    1.25090369 -1.53358841 -1.09232206  0.35672127
  0.3       ]
O: [ 0.29976314 -1.81331921  1.25712451 -1.53313166 -1.09246163  0.35671815
  0.29996684]
A: [ 0.29986783 -1.76580373  1.20013225 -1.5017856  -1.06454325  0.40151424
  0.3       ]
O: [ 0.30132014 -1.77535518  1.20677821 -1.50118992 -1.06508033  0.40152005
  0.29997261]
A: [ 0.27996314 -1.8419443   1.18988421 -1.49329947 -1.09250798  0.39565199
  0.3       ]
O: [ 0.28227053 -1.83239769  1.19677294 -1.49283908 -1.09261497  0.39565538
  0.29996907]
A: [ 0.33953629 -1.87926857  1.16022901 -1.52295574 -1.13780132  0.35730027
  0.3       ]
O: [ 0.33395663 -1.86976586  1.16697068 -1.52249718 -1.1381311   0.35730431
  0.29995675]
A: [ 0.295482   -1.84360681  1.23019204 -1.55908495 -1.12147599  0.37576786
  0.3       ]
O: [ 0.30053446 -1.85303941  1.2330092  -1.55862287 -1.12159343  0.37576371
  0.29997965]
A: [ 0.22424211 -1.80515919  1.1640019  -1.49344394 -1.15506151  0.31125174
  0.3       ]
O: [ 0.22701455 -1.81455707  1.1714153  -1.49306242 -1.15491013  0.31125248
  0.299954  ]
A: [ 0.30863719 -1.75789573  1.13283143 -1.47362919 -1.19975195  0.35637476
  0.3       ]
O: [ 0.30143958 -1.76725252  1.13881432 -1.47307141 -1.19998656  0.35637605
  0.29996141]
A: [ 0.23036284 -1.73382906  1.15921152 -1.52725715 -1.12651338  0.28099412
  0.3       ]
O: [ 0.23512022 -1.74337468  1.1652528  -1.52675429 -1.12667281  0.28099697
  0.29996731]
A: [ 0.22575179 -1.68865541  1.18652003 -1.47933256 -1.17036206  0.32158449
  0.3       ]
O: [ 0.22778931 -1.69831441  1.18900504 -1.47884667 -1.17023771  0.32133116
  0.29995162]
A: [ 0.28638211 -1.71623429  1.16889368 -1.45297143 -1.24628736  0.27476505
  0.3       ]
O: [ 0.28072632 -1.7064526   1.17632054 -1.45248589 -1.2463833   0.27477547
  0.29996022]
A: [ 0.33346929 -1.73523161  1.14480168 -1.41185808 -1.28109304  0.26546866
  0.3       ]
O: [ 0.32928533 -1.72545528  1.15239527 -1.41139686 -1.28117892  0.26547033
  0.29996124]
A: [ 0.3763898  -1.67761481  1.08200619 -1.46748074 -1.29422124  0.30020866
  0.3       ]
O: [ 0.37460505 -1.68702677  1.0891717  -1.4669612  -1.29432503  0.30020718
  0.29996791]
A: [ 0.31355593 -1.60875736  1.05563346 -1.40558027 -1.23443601  0.25084547
  0.3       ]
O: [ 0.31648005 -1.61833476  1.06322144 -1.40500991 -1.23461259  0.25084894
  0.29995734]
A: [ 0.31165564 -1.69761177  1.07097425 -1.47744739 -1.24903789  0.16616462
  0.3       ]
O: [ 0.31227037 -1.68795221  1.07626309 -1.47695366 -1.24913212  0.16623971
  0.29996384]
A: [ 0.30603777 -1.76775248  1.07360329 -1.55037868 -1.24724393  0.21736954
  0.3       ]
O: [ 0.30951361 -1.75800244  1.07876398 -1.54975563 -1.24752845  0.21732208
  0.29997431]
A: [ 0.29773586 -1.70533384  1.02873695 -1.6033364  -1.20296742  0.19147067
  0.3       ]
O: [ 0.29949203 -1.71498363  1.03550164 -1.60278875 -1.20311124  0.19147258
  0.29996763]
A: [ 0.24785455 -1.7168943   1.11208712 -1.68732606 -1.20634003  0.24207229
  0.3       ]
O: [ 0.25751991 -1.71302729  1.1079613  -1.68678054 -1.20642063  0.24182717
  0.29997156]
A: [ 0.31483562 -1.67360166  1.06181078 -1.623166   -1.2098121   0.29191181
  0.3       ]
O: [ 0.31132187 -1.68331144  1.06898747 -1.62261303 -1.20994355  0.29190526
  0.29995472]
A: [ 0.37012499 -1.70312613  0.99165352 -1.64265972 -1.16425346  0.24558773
  0.3       ]
O: [ 0.36525952 -1.69329382  0.99952142 -1.64219913 -1.16435672  0.24558933
  0.29997222]
A: [ 0.31528543 -1.65386611  0.93466274 -1.57134984 -1.22897132  0.26177196
  0.3       ]
O: [ 0.31959872 -1.66360292  0.94201327 -1.57083164 -1.22906679  0.26177142
  0.29996821]
A: [ 0.27180312 -1.61617046  0.88990718 -1.57468046 -1.22207189  0.21493138
  0.3       ]
O: [ 0.27594578 -1.62587642  0.89675708 -1.57412266 -1.22219686  0.21493465
  0.29995903]
A: [ 0.24210398 -1.55511817  0.9695238  -1.49071489 -1.18653269  0.16814627
  0.3       ]
O: [ 0.24492695 -1.56452545  0.97208084 -1.49021229 -1.18668707  0.16816693
  0.29996708]
A: [ 0.2746148  -1.48431539  1.02466789 -1.46126826 -1.27150359  0.1303555
  0.3       ]
O: [ 0.27122099 -1.49372226  1.02833547 -1.46066369 -1.27157455  0.13038749
  0.29994465]
A: [ 0.32181543 -1.44235302  1.00603497 -1.48495464 -1.34115649  0.09142288
  0.3       ]
O: [ 0.31767797 -1.45185328  1.01363955 -1.4844175  -1.34124743  0.0914328
  0.29996076]
A: [ 0.31497474 -1.49804554  1.09207031 -1.41465705 -1.35335914  0.01760802
  0.3       ]
O: [ 0.31518722 -1.4882685   1.09595263 -1.41419319 -1.35343883  0.01762095
  0.29995574]
A: [ 0.32315906 -1.50943192  1.04261135 -1.36220953 -1.30755352  0.10260835
  0.3       ]
O: [ 0.32273942 -1.49964615  1.05061249 -1.36174803 -1.30765716  0.10260475
  0.2999603 ]
A: [ 0.2934837  -1.42261983  1.0595104  -1.38348749 -1.2227246   0.09732198
  0.3       ]
O: [ 0.29666534 -1.43211122  1.06592704 -1.38293409 -1.22305909  0.09733204
  0.29994827]
A: [ 0.36989442 -1.46311063  0.9810677  -1.45765311 -1.23759447  0.13728004
  0.3       ]
O: [ 0.36834912 -1.45324931  0.98853089 -1.45720644 -1.2377026   0.13727945
  0.29996905]
A: [ 0.36828329 -1.5221792   1.06699598 -1.3890953  -1.24074207  0.05359917
  0.3       ]
O: [ 0.36837888 -1.51238083  1.07112799 -1.38863759 -1.24086225  0.0536058
  0.29996433]
A: [ 0.38276033 -1.54515392  1.15205634 -1.34385389 -1.2741647   0.08214461
  0.3       ]
O: [ 0.38146312 -1.5353949   1.15466254 -1.34338997 -1.27426697  0.08213415
  0.29996031]
A: [ 0.35779714 -1.55227431  1.18399186 -1.34380792 -1.35439533  0.05335752
  0.3       ]
O: [ 0.36275703 -1.54258035  1.18625167 -1.34334549 -1.35411726  0.05348995
  0.29994217]
A: [ 0.39908334 -1.49064438  1.27039202 -1.43002034 -1.27137685 -0.00579675
  0.3       ]
O: [ 0.39513204 -1.5001425   1.27177127 -1.42951062 -1.27156175 -0.00575811
  0.29994667]
A: [ 0.46656217 -1.42832257  1.27277519 -1.49788191 -1.34279155  0.02737336
  0.3       ]
O: [ 0.46325662 -1.43800272  1.27992424 -1.49739795 -1.34288133  0.0273718
  0.2999524 ]
A: [ 0.39005792 -1.3806628   1.22075107 -1.43782428 -1.36525918 -0.03022439
  0.3       ]
O: [ 0.39229995 -1.39028185  1.22899783 -1.43736352 -1.3653558  -0.0302216
  0.2999518 ]
A: [ 0.43861155 -1.30879117  1.23518153 -1.50337215 -1.42605044 -0.05696911
  0.3       ]
O: [ 0.43538256 -1.3183529   1.24230003 -1.50280367 -1.42609698 -0.0569577
  0.29993792]
A: [ 0.45649586 -1.25937959  1.17306668 -1.42350318 -1.36075726 -0.06653057
  0.3       ]
O: [ 0.4558857  -1.2690481   1.18127404 -1.42306609 -1.36085236 -0.06653027
  0.29995384]
A: [ 0.46240182 -1.26576023  1.09899297 -1.46541862 -1.30042607 -0.0484438
  0.3       ]
O: [ 0.4619753  -1.2627658   1.10881668 -1.46498146 -1.30054361 -0.04844557
  0.29995883]
A: [ 0.41073088 -1.20529944  1.02198735 -1.44298245 -1.27297008 -0.04325988
  0.3       ]
O: [ 0.41215807 -1.21493705  1.03030154 -1.44251214 -1.27310536 -0.04325966
  0.29995419]
A: [ 0.47124825 -1.3021881   1.09955047 -1.38189313 -1.27746917 -0.10891579
  0.3       ]
O: [ 0.47002773 -1.29227572  1.10592563 -1.38148451 -1.27758033 -0.10891567
  0.29995864]
A: [ 0.4638577  -1.26707717  1.04150905 -1.45482708 -1.32439563 -0.05585185
  0.3       ]
O: [ 0.46432013 -1.27661294  1.04998174 -1.45439183 -1.32448498 -0.05585987
  0.29995011]
A: [ 0.52032109 -1.30740773  1.11484991 -1.41016038 -1.24670257 -0.05952808
  0.3       ]
O: [ 0.51787376 -1.29755125  1.12071539 -1.40974854 -1.24682438 -0.05952801
  0.29995997]
A: [ 0.45487051 -1.2733686   1.16332245 -1.36312174 -1.2612228  -0.04376478
  0.3       ]
O: [ 0.46202349 -1.28301778  1.1671786  -1.36272883 -1.26134981 -0.04377539
  0.29994861]
A: [ 0.41382728 -1.35769768  1.24339069 -1.28648962 -1.18236556  0.01337625
  0.3       ]
O: [ 0.41556329 -1.34779028  1.24911651 -1.28613776 -1.18251373  0.01337534
  0.29996167]
A: [ 0.47496953 -1.28813789  1.20080497 -1.32684841 -1.20165846 -0.0179996
  0.3       ]
O: [ 0.47226977 -1.29779339  1.20925526 -1.32643655 -1.20181874 -0.01799792
  0.29995068]
A: [ 0.55389517 -1.27554311  1.1282053  -1.40924231 -1.22703395 -0.03809155
  0.3       ]
O: [ 0.54982416 -1.28501261  1.13697182 -1.40885899 -1.22714414 -0.03809078
  0.29995462]
A: [ 0.61769798 -1.3551194   1.22170229 -1.42252448 -1.26062597 -0.12031355
  0.3       ]
O: [ 0.61619169 -1.34530627  1.22770757 -1.42213903 -1.26073668 -0.12031304
  0.29996019]
A: [ 0.63316636 -1.29926637  1.28236183 -1.41657077 -1.1893631  -0.18562685
  0.3       ]
O: [ 0.63075768 -1.30832809  1.28244005 -1.41613103 -1.19008734 -0.18510184
  0.29996176]
A: [ 0.58140861 -1.36763369  1.27952661 -1.46409594 -1.22965147 -0.20298594
  0.3       ]
O: [ 0.58331604 -1.35775526  1.28666479 -1.46369978 -1.22978437 -0.20298542
  0.29996017]
A: [ 0.56535456 -1.41113096  1.24204688 -1.524117   -1.1814523  -0.14515876
  0.3       ]
O: [ 0.56580445 -1.40128694  1.24971888 -1.52367615 -1.18160426 -0.14515897
  0.29995944]
A: [ 0.60969875 -1.39995354  1.30504341 -1.45829674 -1.14005353 -0.21111093
  0.3       ]
O: [ 0.60002025 -1.39646817  1.30360505 -1.4579111  -1.14041623 -0.21081388
  0.29996652]
A: [ 0.51849553 -1.44368916  1.25151064 -1.53683154 -1.09392609 -0.25768307
  0.3       ]
O: [ 0.52033264 -1.43392919  1.25922329 -1.53638273 -1.09410703 -0.25768296
  0.29995951]
A: [ 0.59320142 -1.41144271  1.29769887 -1.62003828 -1.15214697 -0.31638147
  0.3       ]
O: [ 0.58671887 -1.42056544  1.30201536 -1.61962119 -1.15221964 -0.3163451
  0.29995111]
A: [ 0.64626488 -1.47120763  1.34577429 -1.67594635 -1.18855671 -0.31047266
  0.3       ]
O: [ 0.64414635 -1.46136419  1.35225571 -1.67549607 -1.18869172 -0.31047312
  0.29996018]
A: [ 0.63202847 -1.42006103  1.354658   -1.66471992 -1.12852792 -0.39761055
  0.3       ]
O: [ 0.63522829 -1.42967667  1.36039793 -1.66424422 -1.12922269 -0.39685797
  0.29996888]
A: [ 0.67910965 -1.40892161  1.33798913 -1.6906463  -1.13672498 -0.48342259
  0.3       ]
O: [ 0.67190861 -1.41854058  1.34678701 -1.69021085 -1.13684048 -0.48322915
  0.29995605]
A: [ 0.71088629 -1.37602076  1.27035153 -1.7495433  -1.21021114 -0.41601933
  0.3       ]
O: [ 0.70959244 -1.38554501  1.27889761 -1.74901189 -1.21036473 -0.41602006
  0.29995605]
A: [ 0.68378192 -1.31431539  1.3474499  -1.75400441 -1.28027349 -0.4741769
  0.3       ]
O: [ 0.68673688 -1.3236436   1.35024089 -1.7534098  -1.28037888 -0.47413356
  0.29992034]
A: [ 0.61688072 -1.31123451  1.41982647 -1.72950603 -1.28131085 -0.49435182
  0.3       ]
O: [ 0.6262807  -1.31769903  1.42065226 -1.7290594  -1.2814375  -0.49431185
  0.29995861]
A: [ 0.5408021  -1.3634956   1.41988852 -1.78395817 -1.29554364 -0.46056403
  0.3       ]
O: [ 0.54293335 -1.3536291   1.42701039 -1.78352798 -1.2956459  -0.46056622
  0.2999585 ]
A: [ 0.57669514 -1.34050118  1.40953056 -1.7280737  -1.35151487 -0.37452873
  0.3       ]
O: [ 0.56698884 -1.34866418  1.41893754 -1.72773237 -1.3509447  -0.37557262
  0.29995167]
A: [ 0.55537897 -1.39299481  1.43580598 -1.68818779 -1.3646848  -0.36284092
  0.3       ]
O: [ 0.55753458 -1.38311601  1.44052095 -1.68776532 -1.36473766 -0.36287058
  0.29995659]
A: [ 0.48025308 -1.36201402  1.40288681 -1.7084396  -1.39618024 -0.32752198
  0.3       ]
O: [ 0.48757122 -1.3714242   1.41143319 -1.70803722 -1.39625277 -0.32753396
  0.29994774]
A: [ 0.53671841 -1.30051931  1.3727914  -1.67108576 -1.34868185 -0.38320395
  0.3       ]
O: [ 0.53458261 -1.30999428  1.38069243 -1.67059407 -1.34878369 -0.38320157
  0.29995357]
A: [ 0.46547349 -1.31457759  1.33884822 -1.62152084 -1.40090762 -0.44597105
  0.3       ]
O: [ 0.4723388  -1.30477404  1.34847909 -1.62108311 -1.40096742 -0.44594259
  0.29994953]
A: [ 0.44652915 -1.36529706  1.40138456 -1.5875612  -1.37045185 -0.39931345
  0.3       ]
O: [ 0.44814702 -1.35538972  1.40690666 -1.58715875 -1.37053624 -0.39931777
  0.29995815]
A: [ 0.4216152  -1.3147519   1.40534088 -1.62959662 -1.40759715 -0.34443606
  0.3       ]
O: [ 0.42655322 -1.32405524  1.41163185 -1.62915759 -1.40752269 -0.34465883
  0.29995317]
A: [ 0.43462559 -1.36805319  1.49234421 -1.6624213  -1.43738924 -0.3423069
  0.3       ]
O: [ 0.43412388 -1.358208    1.49689997 -1.6620247  -1.4374364  -0.34230721
  0.29995723]
A: [ 0.35685946 -1.33821235  1.50095703 -1.57819451 -1.49235455 -0.3223754
  0.3       ]
O: [ 0.36450264 -1.34761958  1.50733143 -1.5778706  -1.49237683 -0.32238484
  0.29995331]
A: [ 0.43995355 -1.35320327  1.55911877 -1.656791   -1.51263468 -0.35399053
  0.3       ]
O: [ 0.432331   -1.34333212  1.56338868 -1.65636307 -1.5126359  -0.35397369
  0.29994811]
A: [ 0.35545809 -1.32667035  1.63697041 -1.61131896 -1.55624693 -0.28003919
  0.3       ]
O: [ 0.36418868 -1.33623248  1.63848843 -1.61102642 -1.55624443 -0.28010041
  0.29996716]
A: [ 0.39941993 -1.41030438  1.71913156 -1.53212983 -1.57897696 -0.3556804
  0.3       ]
O: [ 0.39782923 -1.40046629  1.72324189 -1.53187045 -1.57896254 -0.35567207
  0.29995836]
A: [ 0.35072707 -1.36868845  1.75877927 -1.56172925 -1.62613798 -0.33698993
  0.3       ]
O: [ 0.35642218 -1.37806026  1.76146169 -1.56141319 -1.62588999 -0.3370901
  0.29993006]
A: [ 0.32057253 -1.40298829  1.71925863 -1.54559201 -1.62725441 -0.3307771
  0.3       ]
O: [ 0.32218973 -1.39316468  1.72688055 -1.54531275 -1.62723617 -0.33077741
  0.29995943]
A: [ 0.39731392 -1.40822528  1.70167367 -1.49777591 -1.56875129 -0.39209339
  0.3       ]
O: [ 0.39283739 -1.39837032  1.7092616  -1.49751038 -1.56875241 -0.39208781
  0.29996312]
A: [ 0.38131149 -1.40537087  1.73568293 -1.46709464 -1.49000502 -0.35307846
  0.3       ]
O: [ 0.38746884 -1.39561599  1.72749765 -1.46823377 -1.49886323 -0.3574328
  0.29993159]
A: [ 0.42743217 -1.38319282  1.74551223 -1.41758758 -1.56065785 -0.38012286
  0.3       ]
O: [ 0.417826   -1.39101742  1.74834935 -1.41738461 -1.56026748 -0.37997261
  0.29995678]
A: [ 0.43941706 -1.31468648  1.83085222 -1.33625626 -1.55169414 -0.41657243
  0.3       ]
O: [ 0.43773932 -1.32385024  1.83281308 -1.33613121 -1.5517051  -0.41655931
  0.29996966]
A: [ 0.38807173 -1.40550692  1.85754833 -1.37209026 -1.49431032 -0.47039241
  0.3       ]
O: [ 0.38944751 -1.39575132  1.86343531 -1.371947   -1.49433711 -0.47039103
  0.29996802]
A: [ 0.4312297  -1.41340738  1.8752376  -1.37291053 -1.52301066 -0.42755224
  0.3       ]
O: [ 0.42695728 -1.40375755  1.88050338 -1.37276312 -1.52298773 -0.42760635
  0.29996098]
A: [ 0.44062766 -1.45537634  1.83152299 -1.36082183 -1.50603815 -0.38104018
  0.3       ]
O: [ 0.44019263 -1.44552586  1.83861034 -1.3606499  -1.50605758 -0.38104082
  0.29996464]
A: [ 0.40265197 -1.50607809  1.7550937  -1.4056671  -1.4819697  -0.34194222
  0.3       ]
O: [ 0.40322811 -1.49628227  1.76244507 -1.40542042 -1.48200156 -0.34194226
  0.29996109]
A: [ 0.48949164 -1.55552332  1.83434091 -1.37654204 -1.47029269 -0.33621587
  0.3       ]
O: [ 0.48737972 -1.54574352  1.84043451 -1.37631147 -1.47032606 -0.33621591
  0.2999617 ]
A: [ 0.52024346 -1.53701711  1.87066647 -1.30518952 -1.52496209 -0.29918971
  0.3       ]
O: [ 0.51069557 -1.54253997  1.86972634 -1.30516318 -1.52422376 -0.29971275
  0.2999548 ]
A: [ 0.52915504 -1.62651877  1.8740744  -1.31897308 -1.44389425 -0.27031258
  0.3       ]
O: [ 0.52736244 -1.6167309   1.88013337 -1.31875597 -1.44398886 -0.27033349
  0.29997019]
A: [ 0.56288112 -1.59022335  1.87943588 -1.31920126 -1.38805906 -0.28283107
  0.3       ]
O: [ 0.55726763 -1.59941458  1.88546918 -1.31898977 -1.38830081 -0.28278848
  0.29996611]
A: [ 0.59789908 -1.61292166  1.87875558 -1.28429684 -1.38516547 -0.25865823
  0.3       ]
O: [ 0.59219971 -1.60328911  1.88588807 -1.2841043  -1.38523226 -0.25878383
  0.29996712]
A: [ 0.5677911  -1.54327032  1.82255107 -1.35310195 -1.33770535 -0.23992443
  0.3       ]
O: [ 0.56860171 -1.55288714  1.83022487 -1.35285806 -1.33779752 -0.2399248
  0.29995449]
A: [ 0.6477633  -1.55643911  1.8392288  -1.3879839  -1.36284718 -0.19107776
  0.3       ]
O: [ 0.63807839 -1.54937643  1.8451674  -1.38774808 -1.36291169 -0.19110616
  0.29995864]
A: [ 0.67870155 -1.58268463  1.77083734 -1.38586457 -1.4006938  -0.17081942
  0.3       ]
O: [ 0.67775919 -1.57296897  1.77866802 -1.38559076 -1.40075395 -0.17081972
  0.2999625 ]
A: [ 0.69712194 -1.57665476  1.79652695 -1.35882142 -1.41642614 -0.21446703
  0.3       ]
O: [ 0.68743344 -1.57081672  1.79318513 -1.35943417 -1.41512018 -0.21065037
  0.29996348]
A: [ 0.67019748 -1.59897582  1.74567655 -1.40779742 -1.40602207 -0.14770022
  0.3       ]
O: [ 0.67091835 -1.58917938  1.75370709 -1.40750278 -1.40608575 -0.14770304
  0.29995962]
A: [ 0.72203371 -1.60444046  1.7940813  -1.40706287 -1.40664133 -0.11644192
  0.3       ]
O: [ 0.71664204 -1.5949283   1.79869779 -1.40678163 -1.40671347 -0.11645588
  0.29995833]
A: [ 0.77610484 -1.62976697  1.82971443 -1.44447447 -1.36535607 -0.14598203
  0.3       ]
O: [ 0.7727388  -1.61996806  1.83576532 -1.44418507 -1.36542778 -0.14598006
  0.29996182]
A: [ 0.75280016 -1.64647407  1.90856285 -1.44167192 -1.34658511 -0.19441866
  0.3       ]
O: [ 0.75507675 -1.63708255  1.91024888 -1.44139418 -1.34668592 -0.19437867
  0.29996029]
A: [ 0.67233462 -1.66318168  1.93358269 -1.44536175 -1.34183157 -0.24111327
  0.3       ]
O: [ 0.67631388 -1.65349501  1.9400011  -1.44509489 -1.34192122 -0.24111102
  0.29996209]
A: [ 0.68579311 -1.57210174  2.00758524 -1.51882367 -1.25856226 -0.30020517
  0.3       ]
O: [ 0.68474317 -1.58149201  2.01058856 -1.51852673 -1.25874684 -0.30016795
  0.29995941]
A: [ 0.64185022 -1.62739676  1.93564117 -1.59991359 -1.29002568 -0.26882892
  0.3       ]
O: [ 0.64290549 -1.61762284  1.94310784 -1.59960562 -1.29013102 -0.2688291
  0.29996025]
A: [ 0.66783089 -1.53444426  1.93677439 -1.61691621 -1.2748566  -0.3359504
  0.3       ]
O: [ 0.66451218 -1.54398633  1.94404129 -1.61655836 -1.27501083 -0.33584813
  0.29995332]
A: [ 0.6929917  -1.62324178  1.85790277 -1.61828558 -1.26709473 -0.29574129
  0.3       ]
O: [ 0.69259931 -1.61348079  1.86536038 -1.6179335  -1.26721544 -0.29574128
  0.29995986]
A: [ 0.73872393 -1.53422685  1.89707416 -1.62248964 -1.28337416 -0.21373072
  0.3       ]
O: [ 0.73565088 -1.54352913  1.90289993 -1.62215545 -1.28348737 -0.21374213
  0.29996072]
A: [ 0.78955416 -1.4626792   1.97843673 -1.66403241 -1.33717416 -0.27750286
  0.3       ]
O: [ 0.78651797 -1.472034    1.98284247 -1.66370829 -1.33726746 -0.27749342
  0.29995316]
A: [ 0.75709356 -1.55484435  1.93768024 -1.70320208 -1.26689767 -0.22199567
  0.3       ]
O: [ 0.7578539  -1.54505477  1.94472795 -1.70288557 -1.26701177 -0.22199627
  0.29996122]
A: [ 0.69546554 -1.5333593   1.88110964 -1.66079608 -1.19574669 -0.1775713
  0.3       ]
O: [ 0.70128782 -1.54129531  1.8908842  -1.6604735  -1.19592968 -0.17758963
  0.29996873]
A: [ 0.64943288 -1.62383978  1.86085214 -1.68110077 -1.26463467 -0.17565942
  0.3       ]
O: [ 0.65153415 -1.61407947  1.86800492 -1.68074876 -1.26475279 -0.1756595
  0.29996047]
A: [ 0.69986247 -1.7010182   1.91491537 -1.69664886 -1.25045682 -0.20388467
  0.3       ]
O: [ 0.69801488 -1.69118285  1.92086277 -1.69626103 -1.25057612 -0.20388401
  0.29995847]
A: [ 0.6381656  -1.64043358  1.84541235 -1.7512744  -1.26861084 -0.14263872
  0.3       ]
O: [ 0.63996429 -1.64995294  1.85354703 -1.75084099 -1.26874285 -0.14263892
  0.29995567]
A: [ 0.61153803 -1.5774036   1.93789378 -1.80032558 -1.18648965 -0.21488639
  0.3       ]
O: [ 0.61396884 -1.58687149  1.94055806 -1.79988313 -1.18671573 -0.21484799
  0.29997001]
A: [ 0.63420019 -1.64911251  1.9035767  -1.73942774 -1.15775826 -0.29979845
  0.3       ]
O: [ 0.63342093 -1.63931407  1.91113921 -1.73905367 -1.1579134  -0.29979714
  0.29996134]
A: [ 0.60705056 -1.57737973  1.97912782 -1.70945447 -1.17299954 -0.24221896
  0.3       ]
O: [ 0.60989668 -1.58675674  1.98117557 -1.70909335 -1.17315434 -0.24227375
  0.29995793]
A: [ 0.6069618  -1.49986892  1.97537974 -1.6807722  -1.21014918 -0.27857967
  0.3       ]
O: [ 0.60738793 -1.50935454  1.98220091 -1.6804667  -1.21015574 -0.27843818
  0.29995407]
A: [ 0.5568472  -1.42911024  1.99829767 -1.72191086 -1.28192508 -0.2201925
  0.3       ]
O: [ 0.55990247 -1.43872689  2.00403223 -1.72159417 -1.28204304 -0.22020263
  0.29995074]
A: [ 0.56179301 -1.52346948  1.97027349 -1.7785948  -1.29289542 -0.25968063
  0.3       ]
O: [ 0.5619622  -1.51398055  1.97677384 -1.77835341 -1.29297239 -0.25967521
  0.29997381]
A: [ 0.48941358 -1.55151511  2.02479339 -1.69139239 -1.27319372 -0.33244459
  0.3       ]
O: [ 0.49242611 -1.54179476  2.02996699 -1.69111929 -1.27330813 -0.33243617
  0.29996308]
A: [ 0.49748156 -1.48001581  1.99517775 -1.73703286 -1.20935626 -0.27468765
  0.3       ]
O: [ 0.49717884 -1.48921748  2.00261108 -1.73671574 -1.20950875 -0.27469659
  0.29995753]
A: [ 0.43276252 -1.44253973  1.97908543 -1.69755302 -1.21703718 -0.28080534
  0.3       ]
O: [ 0.43722148 -1.45225358  1.98612553 -1.69726108 -1.21717977 -0.28080421
  0.29996006]
A: [ 0.49187525 -1.40072813  1.99327976 -1.65187817 -1.15453509 -0.21133708
  0.3       ]
O: [ 0.48791726 -1.41009843  1.99885801 -1.65162872 -1.15470777 -0.21136386
  0.29997185]
A: [ 0.41677658 -1.36878336  2.03983905 -1.59413614 -1.18790144 -0.18471836
  0.3       ]
O: [ 0.42141278 -1.3781872   2.04376942 -1.5939398  -1.18802946 -0.18473193
  0.29996259]
A: [ 0.43343816 -1.31888523  2.06586207 -1.63898624 -1.10238426 -0.11668825
  0.3       ]
O: [ 0.43656662 -1.3377465   2.03886298 -1.63338126 -1.10111919 -0.11447606
  0.3077875 ]
A: [ 0.36989757 -1.31339022  2.11627761 -1.71049651 -1.08410389 -0.11018617
  0.3       ]
O: [ 0.40133115 -1.35748118  2.06066502 -1.69904125 -1.0743008  -0.11520297
  0.31746447]
A: [ 0.47272346 -1.36671698  2.06989296 -1.65137576 -1.13712015 -0.19269798
  0.3       ]
O: [ 0.46805488 -1.3668929   2.05994235 -1.65308973 -1.13730748 -0.19209969
  0.3016406 ]
A: [ 0.49064316 -1.38964348  2.11317287 -1.67813755 -1.12298437 -0.23625779
  0.3       ]
O: [ 0.4890336  -1.39351021  2.09237095 -1.68287331 -1.11936176 -0.23690596
  0.30072205]
A: [ 0.40527496 -1.32758804  2.07286995 -1.62112965 -1.18645308 -0.29217861
  0.3       ]
O: [ 0.4187448  -1.35721824  2.03832965 -1.61046407 -1.18436489 -0.29148115
  0.30806544]
A: [ 0.46002998 -1.3975075   1.97061721 -1.54641353 -1.09917895 -0.27899421
  0.3       ]
O: [ 0.45883232 -1.38772183  1.97733733 -1.54622756 -1.09933009 -0.27899473
  0.2999724 ]
A: [ 0.46229419 -1.37624481  1.91654814 -1.53477873 -1.17598075 -0.25252125
  0.3       ]
O: [ 0.46195836 -1.38305512  1.9262652  -1.53457548 -1.17604701 -0.25254541
  0.29996225]
A: [ 0.39718817 -1.40947735  1.92731605 -1.55722075 -1.16478589 -0.30919488
  0.3       ]
O: [ 0.40063976 -1.3996672   1.93329369 -1.55701065 -1.16492462 -0.30919079
  0.29996619]
A: [ 0.45285074 -1.33793209  1.9688997  -1.57221164 -1.08087531 -0.27309822
  0.3       ]
O: [ 0.44912364 -1.34726155  1.97311117 -1.57199371 -1.08110538 -0.27312384
  0.29997371]
A: [ 0.46091414 -1.40672437  1.91137536 -1.64490521 -1.13749203 -0.27015512
  0.3       ]
O: [ 0.46069211 -1.39706211  1.91808588 -1.64467591 -1.13762808 -0.27015552
  0.29997055]
A: [ 0.50311779 -1.4821825   1.86493042 -1.72577796 -1.18484929 -0.35740474
  0.3       ]
O: [ 0.50221872 -1.47237651  1.87197573 -1.72544901 -1.18499162 -0.35740459
  0.29996121]
A: [ 0.51700341 -1.39315756  1.80130747 -1.75868011 -1.26624392 -0.29607889
  0.3       ]
O: [ 0.51672231 -1.40261512  1.80877734 -1.75830456 -1.26637259 -0.29607916
  0.2999552 ]
A: [ 0.47079679 -1.4723159   1.79488087 -1.77716017 -1.25569112 -0.34393907
  0.3       ]
O: [ 0.47281527 -1.46244428  1.80175594 -1.77680019 -1.25581288 -0.34393758
  0.29996019]
A: [ 0.45545121 -1.51079613  1.85111705 -1.84440522 -1.33020688 -0.39662358
  0.3       ]
O: [ 0.45721368 -1.50096183  1.85497573 -1.84402274 -1.33027037 -0.39660029
  0.29995665]
A: [ 0.43112891 -1.44084971  1.83186375 -1.85804035 -1.32401877 -0.34384575
  0.3       ]
O: [ 0.43378499 -1.45045667  1.83965908 -1.85759459 -1.32413982 -0.34387356
  0.29993976]
A: [ 0.37813133 -1.50964251  1.90845879 -1.81797551 -1.31471111 -0.35166647
  0.3       ]
O: [ 0.3804107  -1.49982348  1.91370323 -1.8176257  -1.31481189 -0.35166624
  0.29995947]
A: [ 0.36515317 -1.56548685  1.83809332 -1.8958363  -1.36216468 -0.26616446
  0.3       ]
O: [ 0.36539586 -1.5556339   1.84558036 -1.89542241 -1.36224694 -0.26616459
  0.2999582 ]
A: [ 0.29315488 -1.52195583  1.90757596 -1.88575285 -1.31834898 -0.20958407
  0.3       ]
O: [ 0.29849159 -1.531279    1.911717   -1.88534716 -1.31846306 -0.20959566
  0.29996464]
A: [ 0.35270536 -1.48091624  1.82579861 -1.91713967 -1.2800555  -0.15627027
  0.3       ]
O: [ 0.35107916 -1.4904914   1.83390261 -1.91668792 -1.28017775 -0.15627056
  0.29995012]
A: [ 0.32100657 -1.47149371  1.81646217 -1.94802012 -1.33108536 -0.07168568
  0.3       ]
O: [ 0.32883323 -1.48107944  1.82528726 -1.94757671 -1.33078537 -0.07236927
  0.29994331]
A: [ 0.37533734 -1.49326991  1.74764696 -2.02941739 -1.27055448 -0.0464335
  0.3       ]
O: [ 0.37332934 -1.48343058  1.75631978 -2.02896922 -1.27066781 -0.04643439
  0.29996067]
O: [ 7.21097021e-04 -1.51240693e+00  1.54780602e+00 -1.47462217e+00
 -1.47693523e+00 -4.53615782e-06  2.99991322e-01]
A: [-0.00964843 -1.46556327  1.50302159 -1.52019018 -1.47557392 -0.07238872
  0.3       ]
O: [-0.00908433 -1.47512519  1.51115498 -1.5198124  -1.47560783 -0.07238427
  0.29996124]
A: [-0.03585986 -1.40561431  1.49825768 -1.43568016 -1.55972996  0.00523036
  0.3       ]
O: [-0.03241136 -1.41482612  1.50642561 -1.4353031  -1.55953617  0.00503468
  0.299933  ]
A: [-0.03929145 -1.46096525  1.54818307 -1.43319467 -1.48169101 -0.06695514
  0.3       ]
O: [-0.03853856 -1.45122843  1.5524091  -1.43286276 -1.48177356 -0.06690887
  0.29996287]
A: [-0.08054721 -1.47411714  1.54355686 -1.39512206 -1.56356734 -0.03819181
  0.3       ]
O: [-0.07689867 -1.4643379   1.55103605 -1.39479213 -1.56354208 -0.03820179
  0.29995182]
A: [-0.09864634 -1.45544257  1.48984685 -1.34230429 -1.58704227  0.00400869
  0.3       ]
O: [-0.09685544 -1.45972898  1.49955661 -1.34196593 -1.58703434  0.0039943
  0.29995591]
A: [-0.1301447  -1.48480959  1.56753222 -1.26679906 -1.50300649  0.0399081
  0.3       ]
O: [-0.12645691 -1.47492384  1.5702384  -1.26652378 -1.50307525  0.03989134
  0.29996354]
A: [-0.12004404 -1.44805227  1.61840259 -1.27959033 -1.45493921 -0.02168903
  0.3       ]
O: [-0.12152798 -1.45775552  1.616047   -1.27929591 -1.45550967 -0.02100469
  0.2999683 ]
A: [-0.16104873 -1.37262567  1.57168867 -1.23966724 -1.38027366 -0.00332314
  0.3       ]
O: [-0.15960106 -1.3821068   1.57967008 -1.23944467 -1.38035561 -0.00332358
  0.29996255]
A: [-0.15813131 -1.37554596  1.55999037 -1.21164346 -1.45125752  0.02364138
  0.3       ]
O: [-0.15859829 -1.37742331  1.56979787 -1.211501   -1.45022816  0.02322974
  0.29994387]
A: [-0.07517329 -1.32183902  1.62612902 -1.20604334 -1.43691141  0.02810145
  0.3       ]
O: [-0.0795143  -1.33151207  1.63173244 -1.20589639 -1.43693957  0.02810091
  0.29996409]
A: [ 5.23324294e-04 -1.31410194e+00  1.62370642e+00 -1.24404637e+00
 -1.41149435e+00  5.10179953e-02  3.00000000e-01]
O: [-0.0070338  -1.32352348  1.63001434 -1.24387093 -1.41159391  0.05092992
  0.29998502]
A: [ 0.07380062 -1.36126003  1.55192781 -1.32090711 -1.40227199  0.07959138
  0.3       ]
O: [ 0.0723876  -1.35145573  1.55941234 -1.32066511 -1.4023301   0.07959126
  0.29996012]
A: [ 0.07882394 -1.36124964  1.47993857 -1.30380502 -1.4156092   0.05534193
  0.3       ]
O: [ 0.07850522 -1.35160137  1.48866487 -1.30352917 -1.4156703   0.0553426
  0.29995851]
A: [ 0.15895094 -1.29666396  1.54732126 -1.22171833 -1.41106634  0.10016041
  0.3       ]
O: [ 0.15516151 -1.30582007  1.55201332 -1.2215072  -1.41111298  0.10012398
  0.29995481]
A: [ 0.12570204 -1.22742664  1.54094871 -1.16519419 -1.42044726  0.1629811
  0.3       ]
O: [ 0.12910073 -1.23680195  1.54814648 -1.16506082 -1.42049106  0.16292597
  0.29996662]
A: [ 0.21069737 -1.17255247  1.47164776 -1.21812864 -1.45698543  0.12349418
  0.3       ]
O: [ 0.20814523 -1.18212623  1.47950141 -1.21795515 -1.45702126  0.12349481
  0.29995854]
A: [ 0.27039915 -1.10289391  1.40008065 -1.17976703 -1.49095931  0.05347071
  0.3       ]
O: [ 0.26876473 -1.11229727  1.40772239 -1.17961263 -1.4909856   0.05347135
  0.29996281]
A: [ 0.18227933 -1.17211895  1.3294347  -1.2286884  -1.48493114 -0.0111257
  0.3       ]
O: [ 0.18329052 -1.16232679  1.33623383 -1.22849201 -1.48496094 -0.01112542
  0.29996556]
A: [ 0.10778599 -1.23257214  1.25216022 -1.14902438 -1.51239441 -0.09072168
  0.3       ]
O: [ 0.10868932 -1.22265702  1.25925709 -1.14878365 -1.51241636 -0.09072163
  0.29996139]
A: [ 0.14499603 -1.26545492  1.17446258 -1.10339993 -1.49146749 -0.01556233
  0.3       ]
O: [ 0.14454334 -1.25570805  1.18201817 -1.1031231  -1.49149817 -0.01556235
  0.29995913]
A: [ 0.21365612 -1.18697847  1.20545011 -1.02829544 -1.50980265 -0.0060849
  0.3       ]
O: [ 0.21004925 -1.19640498  1.21167528 -1.02809057 -1.50981696 -0.00608627
  0.29995985]
A: [ 0.19784896 -1.1409998   1.23628699 -1.03008849 -1.47095815 -0.0416058
  0.3       ]
O: [ 0.20117    -1.15058599  1.23761906 -1.02990353 -1.471423   -0.0412128
  0.2999692 ]
A: [ 0.24860184 -1.13032406  1.26443143 -1.10452259 -1.39224834  0.04571324
  0.3       ]
O: [ 0.24102536 -1.13988832  1.26743897 -1.10433332 -1.39246877  0.04550189
  0.29998458]
A: [ 0.20491304 -1.20002064  1.31740549 -1.10602391 -1.45627745  0.01866042
  0.3       ]
O: [ 0.20635264 -1.19008279  1.3230765  -1.10584317 -1.45631093  0.01866366
  0.29996208]
A: [ 0.28017108 -1.26099884  1.25648749 -1.11902048 -1.43938422  0.02865758
  0.3       ]
O: [ 0.27933848 -1.2510787   1.2637722  -1.1187792  -1.43942985  0.02865757
  0.29996148]
A: [ 0.29336852 -1.27065521  1.33357136 -1.12907798 -1.51784244 -0.01191547
  0.3       ]
O: [ 0.29192506 -1.2608113   1.33612181 -1.12883736 -1.51780595 -0.01188769
  0.29995432]
A: [ 0.35522434 -1.27358209  1.39130294 -1.11467012 -1.46836681 -0.00542873
  0.3       ]
O: [ 0.35127242 -1.26392763  1.39650395 -1.11449143 -1.46841787 -0.00543035
  0.29996587]
A: [ 0.31750728 -1.22279586  1.32417133 -1.10116379 -1.42378454 -0.03804887
  0.3       ]
O: [ 0.31899557 -1.23229422  1.33183754 -1.10094849 -1.42384779 -0.03804747
  0.29996328]
A: [ 0.39998945 -1.24130551  1.33819863 -1.15610017 -1.41657941 -0.05902253
  0.3       ]
O: [ 0.39500643 -1.2314192   1.34510637 -1.15588476 -1.41662508 -0.05902025
  0.29996286]
A: [ 0.41220848 -1.19637565  1.39675599 -1.09411151 -1.3493668  -0.11394327
  0.3       ]
O: [ 0.40904263 -1.20586958  1.39503675 -1.09400069 -1.34992867 -0.11353116
  0.29997796]
A: [ 0.34478126 -1.22226766  1.37662734 -1.11722671 -1.4051964  -0.12255511
  0.3       ]
O: [ 0.34831075 -1.21233755  1.38396655 -1.11706244 -1.40525223 -0.12255422
  0.2999645 ]
A: [ 0.38556767 -1.15939477  1.42998657 -1.10895241 -1.49178663 -0.04009133
  0.3       ]
O: [ 0.38126744 -1.16808736  1.43275311 -1.1088443  -1.49173281 -0.04016723
  0.29996195]
A: [ 0.30127487 -1.09657969  1.36259114 -1.13982864 -1.51051541 -0.0626047
  0.3       ]
O: [ 0.30382088 -1.10616447  1.37024486 -1.13968727 -1.51054084 -0.06260426
  0.29996343]
A: [ 0.26265174 -1.13164172  1.3694422  -1.07251295 -1.50437787 -0.06177396
  0.3       ]
O: [ 0.26502309 -1.12175504  1.37599052 -1.07240898 -1.50440363 -0.06177393
  0.29996936]
A: [ 0.19245934 -1.08323408  1.44629699 -1.03275392 -1.46728704 -0.08851697
  0.3       ]
O: [ 0.19805277 -1.09237395  1.44868501 -1.03271769 -1.46736846 -0.08848959
  0.29996843]
A: [ 0.16360092 -1.1302328   1.46160155 -1.08010808 -1.38031988 -0.00484616
  0.3       ]
O: [ 0.16549069 -1.12030045  1.46751576 -1.08004213 -1.38038179 -0.00485343
  0.29997397]
A: [ 0.18627612 -1.09695324  1.50151578 -1.16316195 -1.35656312 -0.05580026
  0.3       ]
O: [ 0.1789574  -1.10658779  1.49710895 -1.16251083 -1.35726504 -0.05439533
  0.29996792]
A: [ 0.12367109 -1.15410306  1.4995649  -1.09674429 -1.3401457   0.00401011
  0.3       ]
O: [ 0.12541768 -1.14425981  1.50543569 -1.09668272 -1.34021026  0.00400099
  0.29997395]
A: [ 0.18980051 -1.18190697  1.49413573 -1.03761218 -1.40327682 -0.07137179
  0.3       ]
O: [ 0.18785786 -1.17204398  1.50068396 -1.03755752 -1.40331687 -0.07137108
  0.2999712 ]
A: [ 0.12387514 -1.22091668  1.52366228 -0.95910642 -1.35374873 -0.13564972
  0.3       ]
O: [ 0.12559824 -1.21098885  1.52981968 -0.95908676 -1.35380209 -0.13564918
  0.29997518]
A: [ 0.17447624 -1.25640612  1.45552453 -0.89000279 -1.31476999 -0.1177207
  0.3       ]
O: [ 0.17386793 -1.24666214  1.46257504 -0.88995042 -1.31482923 -0.1177212
  0.29997603]
A: [ 0.19727904 -1.29932271  1.50730475 -0.81610504 -1.22928826 -0.19044838
  0.3       ]
O: [ 0.19560851 -1.28946616  1.51166543 -0.81608983 -1.2293965  -0.19041888
  0.29998305]
A: [ 0.13426896 -1.21121119  1.4933053  -0.84282785 -1.20908566 -0.14085081
  0.3       ]
O: [ 0.1376419  -1.22042129  1.50042127 -0.84287439 -1.20918734 -0.14086477
  0.29997778]
A: [ 0.18324724 -1.19980276  1.41322051 -0.77527826 -1.12623797 -0.17142523
  0.3       ]
O: [ 0.18143483 -1.20889391  1.42133268 -0.77523439 -1.12633609 -0.17141752
  0.29999179]
A: [ 0.19633617 -1.25090233  1.45472538 -0.79543922 -1.17903205 -0.11685569
  0.3       ]
O: [ 0.19485235 -1.24101845  1.45884206 -0.79542514 -1.17905778 -0.11691665
  0.29997138]
A: [ 0.17744089 -1.31369351  1.38655793 -0.8094186  -1.14201172 -0.15762512
  0.3       ]
O: [ 0.17773805 -1.30390177  1.39346076 -0.80933576 -1.14211795 -0.15762518
  0.29997495]
A: [ 0.16687553 -1.22411598  1.41588161 -0.76191868 -1.08855929 -0.12750734
  0.3       ]
O: [ 0.16891627 -1.23350233  1.41893794 -0.76196368 -1.08905138 -0.12772181
  0.29999202]
A: [ 0.11352633 -1.16420503  1.45636718 -0.84902875 -1.11084885 -0.14348126
  0.3       ]
O: [ 0.11725811 -1.17376116  1.46156596 -0.84904426 -1.1109562  -0.14347576
  0.29997576]
A: [ 0.13698161 -1.09388473  1.45848616 -0.79776924 -1.13561369 -0.18251728
  0.3       ]
O: [ 0.13356093 -1.10325338  1.46468602 -0.79787123 -1.1355715  -0.18232071
  0.29997969]
A: [ 0.18350586 -1.12240502  1.51382157 -0.8729354  -1.14159046 -0.20238101
  0.3       ]
O: [ 0.18067516 -1.11253973  1.51782778 -0.87295879 -1.14165159 -0.20236448
  0.29997851]
O: [ 6.08163337e-04 -1.50073769e+00  1.54508806e+00 -1.47450788e+00
 -1.47703708e+00 -3.96122534e-06  2.99989818e-01]
A: [ 0.00588607 -1.43407694  1.61317307 -1.48997793 -1.48864488 -0.05377702
  0.3       ]
O: [ 0.00528605 -1.44362664  1.61565043 -1.48962513 -1.48867062 -0.05374173
  0.29995644]
A: [ 0.02744612 -1.51737578  1.56109343 -1.56880776 -1.53682972  0.0276844
  0.3       ]
O: [ 0.02717383 -1.50758122  1.56853287 -1.56842326 -1.53684386  0.02768404
  0.29995606]
A: [ 0.01611624 -1.57965355  1.56652269 -1.58969991 -1.49930494 -0.00509317
  0.3       ]
O: [ 0.01776471 -1.56988887  1.57331244 -1.58928892 -1.49938085 -0.00505439
  0.29995874]
A: [ 0.08937451 -1.62644148  1.563885   -1.62363606 -1.51465683 -0.05296937
  0.3       ]
O: [ 0.08708685 -1.61682798  1.57131959 -1.62319715 -1.51468127 -0.05296834
  0.29995028]
A: [ 0.00896281 -1.66814596  1.60903319 -1.70205808 -1.52389167 -0.05045613
  0.3       ]
O: [ 0.01137993 -1.65836594  1.6160368  -1.70161309 -1.52391542 -0.05045607
  0.29995825]
A: [ 0.0024492  -1.67501397  1.67197998 -1.69639824 -1.6028175  -0.12520341
  0.3       ]
O: [ 0.00423164 -1.66531855  1.67118022 -1.69591229 -1.60240194 -0.12480934
  0.29994053]
A: [ 0.0202577  -1.68044985  1.6080842  -1.74624685 -1.56721961 -0.10412615
  0.3       ]
O: [ 0.01947409 -1.67067012  1.61689557 -1.74578908 -1.56721307 -0.10412709
  0.29995884]
A: [ 0.0756359  -1.74312874  1.66780269 -1.76601707 -1.53891218 -0.15834585
  0.3       ]
O: [ 0.07345831 -1.73328234  1.67407624 -1.76555573 -1.5389203  -0.1583449
  0.29995995]
A: [ 0.0669094  -1.70311623  1.73656581 -1.77066887 -1.51778415 -0.13021213
  0.3       ]
O: [ 0.06815181 -1.7126777   1.73628723 -1.77017042 -1.5178535  -0.13027375
  0.29995524]
A: [ 0.00756678 -1.7936745   1.74231611 -1.71296598 -1.5526602  -0.21637279
  0.3       ]
O: [ 0.00969568 -1.78408439  1.74932916 -1.7125073  -1.55267643 -0.21636584
  0.29995389]
A: [ 0.09208682 -1.71253872  1.81088855 -1.7400916  -1.53464302 -0.17516281
  0.3       ]
O: [ 0.0892301  -1.72213207  1.81724261 -1.7396176  -1.53465501 -0.1751647
  0.29995266]
A: [ 0.07157738 -1.80562621  1.84990436 -1.81362723 -1.54528832 -0.14267093
  0.3       ]
O: [ 0.07354864 -1.79611013  1.85482683 -1.81316226 -1.54529835 -0.14269266
  0.29995703]
A: [ 0.15755627 -1.80539693  1.85161035 -1.85698101 -1.55982472 -0.07009713
  0.3       ]
O: [ 0.1493765  -1.79576808  1.85926107 -1.8564461  -1.55982162 -0.07011837
  0.2999456 ]
A: [ 0.22509288 -1.86779931  1.85235572 -1.80550281 -1.62935584 -0.10555512
  0.3       ]
O: [ 0.2227583  -1.85820022  1.85986035 -1.80504046 -1.62933116 -0.10555426
  0.29995715]
A: [ 0.30484104 -1.89337603  1.79601595 -1.80138309 -1.68591666 -0.05283659
  0.3       ]
O: [ 0.30210242 -1.88366961  1.80435445 -1.80091534 -1.68586945 -0.0528372
  0.29995908]
A: [ 0.32353021 -1.90439764  1.76537996 -1.78920841 -1.6082556  -0.04965874
  0.3       ]
O: [ 0.32185632 -1.89468967  1.77434414 -1.78871909 -1.60825326 -0.04965934
  0.29995749]
A: [ 0.31246103 -1.95398537  1.79512376 -1.7633682  -1.60010308 -0.1152971
  0.3       ]
O: [ 0.31416214 -1.94453264  1.7995128  -1.76288848 -1.60011866 -0.11511419
  0.29996311]
A: [ 0.24949198 -1.86553214  1.7318208  -1.73862612 -1.53709523 -0.18392179
  0.3       ]
O: [ 0.25074187 -1.8747706   1.73997136 -1.73812909 -1.53710494 -0.18392122
  0.29995947]
A: [ 0.16565632 -1.90482213  1.82705738 -1.65705845 -1.50291021 -0.19120298
  0.3       ]
O: [ 0.16988396 -1.8950333   1.83241158 -1.65660564 -1.50295332 -0.19120213
  0.2999563 ]
A: [ 0.09268913 -1.81997425  1.85027795 -1.7160673  -1.56488767 -0.27255713
  0.3       ]
O: [ 0.09564736 -1.8295703   1.8572145  -1.71559615 -1.56489252 -0.27255593
  0.29995308]
A: [ 0.15907776 -1.91427853  1.85287016 -1.76563731 -1.59190984 -0.27444238
  0.3       ]
O: [ 0.15684589 -1.90446888  1.86025253 -1.76517941 -1.59190209 -0.27444238
  0.29995852]
A: [ 0.09248978 -1.90280833  1.88254422 -1.69351666 -1.63360351 -0.27396907
  0.3       ]
O: [ 0.10213337 -1.90355452  1.88744969 -1.69306111 -1.63351976 -0.27396979
  0.29995345]
A: [ 0.16757456 -1.98130763  1.82209943 -1.66594491 -1.65382825 -0.32240009
  0.3       ]
O: [ 0.16642105 -1.97178721  1.8299553  -1.66550054 -1.65379503 -0.32239993
  0.29996551]
A: [ 0.12077993 -2.00052927  1.8377894  -1.59611154 -1.69487347 -0.25242579
  0.3       ]
O: [ 0.12533794 -1.99089888  1.84449457 -1.59565614 -1.69482817 -0.25246127
  0.29995788]
A: [ 0.13568393 -2.04099306  1.87368804 -1.62816031 -1.66981916 -0.32072881
  0.3       ]
O: [ 0.13387576 -2.03154798  1.87677925 -1.62767144 -1.66987456 -0.32049613
  0.29995776]
A: [ 0.08774511 -1.96848877  1.82385782 -1.58306272 -1.63390841 -0.24849414
  0.3       ]
O: [ 0.08942469 -1.97827112  1.83190168 -1.58258938 -1.63388713 -0.24849453
  0.29995495]
A: [ 0.15718627 -1.99574777  1.82588452 -1.57542936 -1.58297658 -0.29648107
  0.3       ]
O: [ 0.15089918 -1.98613654  1.83350333 -1.57494509 -1.58300819 -0.29645835
  0.29996268]
A: [ 0.18302639 -1.96179302  1.75826026 -1.53679723 -1.57895838 -0.33542363
  0.3       ]
O: [ 0.1817848  -1.971541    1.76684931 -1.53633395 -1.57889817 -0.3354246
  0.29996052]
A: [ 0.09882874 -1.99370081  1.70026076 -1.57502882 -1.65720965 -0.28562294
  0.3       ]
O: [ 0.10348191 -1.98406549  1.70904035 -1.57454543 -1.65718765 -0.28562257
  0.29995715]
A: [ 0.15973255 -1.996819    1.63325939 -1.66076574 -1.61848236 -0.25533291
  0.3       ]
O: [ 0.15507518 -1.98720898  1.64286473 -1.66022511 -1.61845839 -0.25533584
  0.2999562 ]
A: [ 0.18857497 -1.96578086  1.56806471 -1.70280982 -1.62961095 -0.22486179
  0.3       ]
O: [ 0.18697012 -1.97542635  1.57658514 -1.70228203 -1.62959786 -0.22486279
  0.29996028]
A: [ 0.18910748 -1.99106465  1.57816064 -1.61899682 -1.60311128 -0.28423025
  0.3       ]
O: [ 0.1878879  -1.98141266  1.58266669 -1.61998953 -1.60454863 -0.2809089
  0.29996007]
A: [ 0.20277975 -1.96124953  1.58629756 -1.63319699 -1.59542368 -0.36151386
  0.3       ]
O: [ 0.1979757  -1.97096453  1.59058887 -1.63263096 -1.59560488 -0.35986505
  0.29996175]
A: [ 0.24649684 -1.93652028  1.66406532 -1.69990265 -1.67921345 -0.2948863
  0.3       ]
O: [ 0.24215795 -1.94591658  1.66753148 -1.69935081 -1.67911953 -0.29491229
  0.29994547]
A: [ 0.31411786 -2.02710459  1.75084296 -1.74003718 -1.71782892 -0.25511655
  0.3       ]
O: [ 0.31154691 -2.01746365  1.75711373 -1.73956313 -1.71777685 -0.25511697
  0.29996122]
A: [ 0.33143646 -2.05665587  1.68966536 -1.81027862 -1.64167138 -0.31079811
  0.3       ]
O: [ 0.33076148 -2.04695578  1.69773583 -1.80979511 -1.64164442 -0.31079752
  0.29996593]
A: [ 0.36862176 -1.96672311  1.71850475 -1.89412409 -1.66233438 -0.3437684
  0.3       ]
O: [ 0.3657566  -1.97646149  1.72536893 -1.89352452 -1.66224742 -0.34376377
  0.29996084]
A: [ 0.30857694 -1.95136335  1.79451133 -1.92621515 -1.66863448 -0.36916652
  0.3       ]
O: [ 0.3140313  -1.96076847  1.79804574 -1.92566376 -1.66860867 -0.36915678
  0.29994906]
A: [ 0.2400125  -1.97334518  1.81859936 -1.84316635 -1.67060828 -0.31136869
  0.3       ]
O: [ 0.24779367 -1.96356532  1.82467273 -1.84265239 -1.6705316  -0.31140384
  0.29996698]
A: [ 0.18167486 -1.98215248  1.86581052 -1.85244863 -1.62334475 -0.28049896
  0.3       ]
O: [ 0.18787767 -1.97251841  1.87121834 -1.85194716 -1.6233138  -0.28050558
  0.29995919]
A: [ 0.211405   -2.01122206  1.83265013 -1.85976496 -1.66766928 -0.35493735
  0.3       ]
O: [ 0.21007882 -2.00160976  1.84105436 -1.85928112 -1.66763713 -0.35493344
  0.2999598 ]
A: [ 0.13128255 -1.94083282  1.87202603 -1.79163105 -1.67474628 -0.31056916
  0.3       ]
O: [ 0.13430498 -1.95050911  1.87897722 -1.79110702 -1.67470527 -0.31057061
  0.29994794]
A: [ 0.19547745 -1.98029936  1.88712117 -1.7907538  -1.63735127 -0.31369809
  0.3       ]
O: [ 0.1910384  -1.97106365  1.89418303 -1.79026268 -1.63734651 -0.31369639
  0.29995863]
A: [ 0.1259167  -1.95442932  1.83707952 -1.81591907 -1.70500403 -0.36777461
  0.3       ]
O: [ 0.13020932 -1.96418269  1.846088   -1.81542649 -1.70494957 -0.3677686
  0.2999554 ]
A: [ 0.07412671 -2.00217222  1.8743652  -1.88770582 -1.69867588 -0.4431331
  0.3       ]
O: [ 0.07771104 -1.99243841  1.88091756 -1.88722614 -1.69862865 -0.44312273
  0.29995965]
A: [ 0.05479749 -1.92695809  1.92975881 -1.9054986  -1.76578733 -0.47065689
  0.3       ]
O: [ 0.05755696 -1.93641488  1.93358028 -1.90500581 -1.76566421 -0.4706375
  0.2999586 ]
A: [ 0.05730198 -1.9837819   1.88568778 -1.84697615 -1.7316581  -0.42265301
  0.3       ]
O: [ 0.05724377 -1.97399351  1.8937801  -1.84651598 -1.73159026 -0.42265397
  0.29996153]
A: [ 0.11427586 -1.89151629  1.91004784 -1.87667959 -1.76828132 -0.34048812
  0.3       ]
O: [ 0.11134147 -1.90118837  1.91753375 -1.87602732 -1.76815457 -0.34049989
  0.2999287 ]
A: [ 0.17855732 -1.84836257  1.93589844 -1.86440085 -1.84193179 -0.28250821
  0.3       ]
O: [ 0.17520036 -1.85798151  1.94282793 -1.86388765 -1.84182277 -0.2825109
  0.29995146]
A: [ 0.13954803 -1.84143359  1.91602008 -1.82260222 -1.87986373 -0.22752813
  0.3       ]
O: [ 0.14461134 -1.85107539  1.92507558 -1.82216431 -1.87969033 -0.22761098
  0.29995661]
A: [ 0.18715899 -1.87500895  1.86873566 -1.89982636 -1.80744586 -0.28639425
  0.3       ]
O: [ 0.18517431 -1.86530863  1.87747163 -1.89935828 -1.80735792 -0.28639216
  0.29996036]
A: [ 0.11447739 -1.93237344  1.9228437  -1.89464773 -1.73216682 -0.21403544
  0.3       ]
O: [ 0.11700426 -1.92256973  1.92964644 -1.89417755 -1.73211946 -0.21403621
  0.29996021]
A: [ 0.03509834 -1.97849067  1.99317613 -1.93309241 -1.72638725 -0.21354075
  0.3       ]
O: [ 0.03797223 -1.96881728  1.99970047 -1.93262458 -1.72632972 -0.2135407
  0.29996088]
A: [-1.27284066e-03 -1.96249544e+00  2.03558101e+00 -1.97277917e+00
 -1.77155164e+00 -2.96163426e-01  3.00000000e-01]
O: [ 0.00826121 -1.96842394  2.03592855 -1.97224481 -1.77111177 -0.29550891
  0.29995057]
A: [-0.04322167 -1.96295257  2.09772384 -2.05878832 -1.70256529 -0.23676407
  0.3       ]
O: [-0.03356942 -1.96792375  2.09705449 -2.05826468 -1.70273018 -0.23695256
  0.29996727]
A: [-0.08456584 -2.02414086  2.08544495 -1.99591318 -1.6233136  -0.30282906
  0.3       ]
O: [-0.08163429 -2.01447453  2.09311254 -1.99546153 -1.62330833 -0.30282007
  0.29996725]
A: [-0.06262466 -2.084928    2.16859507 -1.99464264 -1.66085188 -0.33452949
  0.3       ]
O: [-0.06406194 -2.07538943  2.17225572 -1.99418634 -1.66080584 -0.33451909
  0.29995686]
A: [ 0.01318021 -2.06811578  2.19354469 -2.0041534  -1.72688043 -0.34137958
  0.3       ]
O: [ 0.00374577 -2.07575968  2.1989705  -2.00366974 -1.72674927 -0.34137185
  0.29995285]
A: [ 0.01673246 -2.04105206  2.16594166 -2.00068572 -1.64540397 -0.31788058
  0.3       ]
O: [ 0.01614933 -2.05070191  2.17420326 -2.00015787 -1.64538787 -0.31788637
  0.29995513]
A: [ 0.05837803 -2.11012544  2.15704285 -1.97405701 -1.56240987 -0.27537825
  0.3       ]
O: [ 0.05525519 -2.1004321   2.16488176 -1.97359941 -1.56242478 -0.27538694
  0.29996113]
A: [ 0.06657655 -2.09565237  2.11442592 -2.04989057 -1.56833804 -0.26264468
  0.3       ]
O: [ 0.06557818 -2.10100192  2.12423683 -2.04939815 -1.5683406  -0.26265019
  0.29996114]
A: [ 0.15255125 -2.15532603  2.05361196 -2.05994984 -1.48770777 -0.20590117
  0.3       ]
O: [ 0.1504581  -2.14588927  2.0618613  -2.05943401 -1.48773723 -0.20590145
  0.29995886]
A: [ 0.17457762 -2.11879517  2.06579245 -2.14084305 -1.49267485 -0.16000752
  0.3       ]
O: [ 0.17002392 -2.12849495  2.07171953 -2.14028942 -1.49267939 -0.16025631
  0.2999658 ]
A: [ 0.11591208 -2.06915153  1.99509411 -2.17762579 -1.42617014 -0.0893425
  0.3       ]
O: [ 0.11686569 -2.07894516  2.00330571 -2.17707459 -1.42621552 -0.08934289
  0.29996647]
A: [ 0.03307185 -2.01400152  2.07787478 -2.26314313 -1.44547925 -0.08417246
  0.3       ]
O: [ 0.03578921 -2.02349969  2.08420495 -2.26254101 -1.44553571 -0.08417251
  0.29995918]
A: [ 0.01278931 -1.95110291  2.0128355  -2.1779693  -1.43177455 -0.05654951
  0.3       ]
O: [ 0.013234   -1.96084942  2.02100746 -2.17739766 -1.43183406 -0.05654939
  0.29994685]
A: [-0.0434988  -2.04784445  2.0395247  -2.22444721 -1.46974641 -0.03288809
  0.3       ]
O: [-0.04098899 -2.03810322  2.04638556 -2.22398324 -1.46977548 -0.032889
  0.29996747]
A: [-0.1210706  -2.02914151  2.12148175 -2.27968321 -1.38665108 -0.02015801
  0.3       ]
O: [-0.11155416 -2.03808557  2.12333333 -2.27917878 -1.38679571 -0.02017027
  0.29997663]
A: [-0.07754745 -2.08611752  2.14375324 -2.32446628 -1.32612289 -0.03115607
  0.3       ]
O: [-0.08105179 -2.07677414  2.14965836 -2.32397911 -1.32623971 -0.03114764
  0.29997254]
A: [-0.1282411  -2.10732996  2.19520261 -2.31300971 -1.37587358  0.05450342
  0.3       ]
O: [-0.12333687 -2.09769561  2.19923365 -2.31254545 -1.37587706  0.05438542
  0.29996796]
A: [-0.07880514 -2.1538247   2.14115857 -2.343509   -1.46298749 -0.02901592
  0.3       ]
O: [-0.07988837 -2.14464809  2.14934377 -2.34306047 -1.46301    -0.02901375
  0.29997175]
A: [-4.95940753e-02 -2.11234410e+00  2.21363397e+00 -2.28368690e+00
 -1.48807186e+00 -1.47384055e-03  3.00000000e-01]
O: [-5.34802455e-02 -2.12182606e+00  2.21504781e+00 -2.28316125e+00
 -1.48803954e+00 -1.54638731e-03  2.99962603e-01]
A: [ 2.33182540e-03 -2.19518623e+00  2.27096494e+00 -2.33894787e+00
 -1.43959793e+00 -5.73678084e-02  3.00000000e-01]
O: [-4.49937145e-04 -2.18556450e+00  2.27670299e+00 -2.33849001e+00
 -1.43963454e+00 -5.73600385e-02  2.99970762e-01]
A: [ 0.08071154 -2.10234359  2.25167599 -2.37450004 -1.41814148 -0.06309546
  0.3       ]
O: [ 0.07879553 -2.11188959  2.25933759 -2.37399531 -1.41819193 -0.06309534
  0.29996811]
A: [ 0.04027448 -2.16920328  2.21068395 -2.33658654 -1.45200784 -0.1396304
  0.3       ]
O: [ 0.04147704 -2.15969914  2.21882346 -2.33612509 -1.45204124 -0.13962872
  0.2999687 ]
A: [ 0.02835503 -2.09944124  2.26285431 -2.3337468  -1.44380486 -0.20764209
  0.3       ]
O: [ 0.02984932 -2.10863263  2.26643707 -2.33318456 -1.44386932 -0.20748691
  0.29995714]
A: [-0.04465307 -2.16730265  2.2429172  -2.27670028 -1.40123666 -0.16816966
  0.3       ]
O: [-0.04185711 -2.15788296  2.25094845 -2.27621354 -1.40130276 -0.16817389
  0.29996666]
A: [ 0.03106351 -2.11667391  2.18433442 -2.24950864 -1.44897233 -0.19303791
  0.3       ]
O: [ 0.02937712 -2.12629977  2.19253728 -2.24899827 -1.4490107  -0.19303764
  0.29996443]
A: [ 0.10533552 -2.094863    2.25451664 -2.27527199 -1.41917569 -0.15906061
  0.3       ]
O: [ 0.10143714 -2.10462209  2.26018196 -2.27473027 -1.41926671 -0.15906244
  0.29995876]
A: [ 0.07050844 -2.07740956  2.20829752 -2.29271813 -1.46551131 -0.18370031
  0.3       ]
O: [ 0.07202138 -2.08707342  2.21674411 -2.29219365 -1.46554711 -0.18369914
  0.29996139]
A: [ 0.15809864 -2.14298525  2.24860978 -2.22469253 -1.50535231 -0.22988785
  0.3       ]
O: [ 0.15474243 -2.13320032  2.25558235 -2.22420924 -1.50536763 -0.22988697
  0.29996366]
A: [ 0.11426709 -2.20510869  2.3274991  -2.19555019 -1.57253437 -0.15375904
  0.3       ]
O: [ 0.11712044 -2.19614344  2.33165458 -2.19508124 -1.5725083  -0.15379048
  0.29995297]
A: [ 0.13406892 -2.23769087  2.36230564 -2.21019059 -1.50277139 -0.14273068
  0.3       ]
O: [ 0.13049149 -2.22806889  2.36361283 -2.20966898 -1.50377351 -0.14288897
  0.29998039]
A: [ 0.20760819 -2.30657379  2.3811694  -2.13990304 -1.45223186 -0.12080208
  0.3       ]
O: [ 0.20494506 -2.29691484  2.38816922 -2.13943583 -1.4522702  -0.12080436
  0.29996572]
A: [ 0.21817335 -2.2878353   2.32782342 -2.07482189 -1.48474199 -0.18373705
  0.3       ]
O: [ 0.21744775 -2.2975278   2.33727634 -2.07436441 -1.48475415 -0.18371013
  0.29996693]
A: [ 0.27524243 -2.3266274   2.40218946 -2.03490241 -1.500369   -0.09718103
  0.3       ]
O: [ 0.27018774 -2.31706762  2.40590531 -2.03439721 -1.50036684 -0.09729284
  0.29996094]
A: [ 0.20306773 -2.29338424  2.39488774 -2.03949204 -1.49703282 -0.17905962
  0.3       ]
O: [ 0.20743245 -2.30306758  2.40257219 -2.03897765 -1.49707169 -0.17901878
  0.29995671]
A: [ 0.17217847 -2.32619609  2.46448812 -1.98179191 -1.42947198 -0.2474465
  0.3       ]
O: [ 0.17811939 -2.31693059  2.46372214 -1.98132481 -1.42995661 -0.24701365
  0.29997553]
A: [ 0.15626823 -2.33690294  2.5468517  -2.0022361  -1.37247228 -0.24801924
  0.3       ]
O: [ 0.15981706 -2.32744535  2.54361307 -2.00169193 -1.37295986 -0.24801186
  0.299971  ]
A: [ 0.11710816 -2.25606277  2.46718552 -2.07613541 -1.36489845 -0.19186486
  0.3       ]
O: [ 0.11749284 -2.26570417  2.47521898 -2.07561025 -1.36499055 -0.19186544
  0.29995676]
A: [ 0.16169227 -2.2252511   2.49580392 -2.03101017 -1.43412269 -0.18160817
  0.3       ]
O: [ 0.1582853  -2.23491827  2.50179503 -2.03049211 -1.43409885 -0.18161958
  0.29994485]
A: [ 0.13699451 -2.16894323  2.44794535 -1.94403901 -1.46055719 -0.14782493
  0.3       ]
O: [ 0.13743699 -2.17845221  2.45575342 -1.9435838  -1.46060428 -0.14782557
  0.29995514]
A: [ 0.19959005 -2.24698205  2.37475608 -1.96561863 -1.40228217 -0.08682601
  0.3       ]
O: [ 0.19848254 -2.237827    2.38276679 -1.96516608 -1.40234246 -0.08682712
  0.29995746]
A: [ 0.27389352 -2.23238214  2.35603133 -1.99078669 -1.42365671 -0.0346698
  0.3       ]
O: [ 0.26464579 -2.23944837  2.36522    -1.99030815 -1.42362707 -0.03488138
  0.29995467]
A: [ 0.2416114  -2.20803225  2.40484744 -1.90992193 -1.50108491 -0.09559885
  0.3       ]
O: [ 0.24563866 -2.21777959  2.40657588 -1.90950571 -1.50054081 -0.09514044
  0.2999346 ]
A: [ 0.28939368 -2.21382849  2.35602422 -1.91307133 -1.51082357 -0.01735632
  0.3       ]
O: [ 0.28609545 -2.21927806  2.36581701 -1.91262924 -1.51082445 -0.01747487
  0.29995702]
A: [ 0.24068998 -2.2405446   2.34505513 -1.98534839 -1.47573256 -0.07046841
  0.3       ]
O: [ 0.24651265 -2.23107012  2.3538768  -1.98482137 -1.47588676 -0.07029347
  0.29996259]
A: [ 0.20884245 -2.17787492  2.34088056 -2.05449919 -1.43671504 -0.11877662
  0.3       ]
O: [ 0.21166189 -2.18706899  2.34866415 -2.05399135 -1.43680284 -0.11873358
  0.29996732]
A: [ 0.25643858 -2.17806383  2.40714015 -1.96940302 -1.46794259 -0.19009839
  0.3       ]
O: [ 0.24749993 -2.18784607  2.40496206 -1.96907484 -1.46768277 -0.18938777
  0.29995747]
A: [ 0.26274291 -2.1026681   2.47682997 -1.91917882 -1.47364928 -0.26475648
  0.3       ]
O: [ 0.26180349 -2.1124302   2.4811637  -1.91872107 -1.47368932 -0.26471997
  0.29995227]
A: [ 0.29312268 -2.16838048  2.56364493 -1.90339021 -1.5401017  -0.19977617
  0.3       ]
O: [ 0.29069154 -2.15939516  2.56529313 -1.90300879 -1.54000073 -0.19988484
  0.29995264]
A: [ 0.31374581 -2.2185941   2.55868127 -1.83475859 -1.62334004 -0.11506971
  0.3       ]
O: [ 0.31055724 -2.20911172  2.56563992 -1.83449198 -1.62256326 -0.11585086
  0.29993446]
A: [ 0.34916097 -2.23596666  2.4952462  -1.86968558 -1.66195202 -0.12894178
  0.3       ]
O: [ 0.34790407 -2.22652139  2.50392953 -1.86928608 -1.66189001 -0.12893379
  0.29995931]
A: [ 0.43150728 -2.18422638  2.54149882 -1.89881008 -1.6982016  -0.15879083
  0.3       ]
O: [ 0.42840752 -2.19376738  2.54763711 -1.89838618 -1.69813908 -0.15878549
  0.29995408]
A: [ 0.34231229 -2.27947886  2.55667487 -1.8610333  -1.64421254 -0.18765304
  0.3       ]
O: [ 0.34502021 -2.26983986  2.56345101 -1.86065447 -1.64419468 -0.18764978
  0.299962  ]
A: [ 0.26283865 -2.23182794  2.60869808 -1.93459848 -1.61265393 -0.22762021
  0.3       ]
O: [ 0.26617951 -2.24132882  2.6144825  -1.9341558  -1.61264952 -0.22760877
  0.2999558 ]
A: [ 0.18881697 -2.15955553  2.69962652 -1.96934261 -1.56444353 -0.25572194
  0.3       ]
O: [ 0.19094887 -2.16920061  2.70474874 -1.96892639 -1.5644555  -0.25571779
  0.29995422]
A: [ 0.17555916 -2.16961969  2.65369172 -1.93497082 -1.59720813 -0.21856437
  0.3       ]
O: [ 0.17709187 -2.17077082  2.66350542 -1.93461613 -1.59710075 -0.21867773
  0.29995167]
A: [ 0.1023062  -2.24916768  2.64042236 -1.89745031 -1.66529429 -0.27045869
  0.3       ]
O: [ 0.10492757 -2.23995163  2.64754447 -1.89710784 -1.66523219 -0.27043314
  0.29995422]
A: [ 0.12186807 -2.2780935   2.57945346 -1.81835888 -1.62628493 -0.27643908
  0.3       ]
O: [ 0.12124932 -2.26860782  2.5876755  -1.81797262 -1.62626648 -0.27643832
  0.2999584 ]
A: [ 0.03531884 -2.24857557  2.54282266 -1.78229425 -1.59241616 -0.35632462
  0.3       ]
O: [ 0.03984284 -2.25830007  2.55119423 -1.7819043  -1.59242908 -0.3562869
  0.29995988]
A: [ 0.06164458 -2.21823168  2.60940542 -1.83333982 -1.6571116  -0.30178119
  0.3       ]
O: [ 0.05923809 -2.22779691  2.61147729 -1.83287205 -1.65686201 -0.30195963
  0.29993438]
A: [ 0.03338836 -2.21131736  2.59721336 -1.87285514 -1.59714985 -0.32713938
  0.3       ]
O: [ 0.03940913 -2.22098724  2.60551423 -1.87230782 -1.59838497 -0.32660911
  0.29996235]
A: [ 0.10943596 -2.24603619  2.53685729 -1.78976048 -1.59900883 -0.30477275
  0.3       ]
O: [ 0.10647985 -2.2364126   2.54550103 -1.78938101 -1.59899343 -0.30477803
  0.29995936]
A: [ 0.13183673 -2.23680235  2.5586017  -1.85822595 -1.56427998 -0.36591187
  0.3       ]
O: [ 0.12243887 -2.23801994  2.55921282 -1.85634106 -1.56653638 -0.3619272
  0.2999483 ]
A: [ 0.19425425 -2.22755985  2.53405596 -1.84265621 -1.60885487 -0.44230267
  0.3       ]
O: [ 0.18665754 -2.23722263  2.54268988 -1.84228051 -1.60864989 -0.44194704
  0.29995397]
A: [ 0.22521727 -2.24633281  2.51122111 -1.84679955 -1.61850673 -0.52575436
  0.3       ]
O: [ 0.21962195 -2.23906803  2.52101093 -1.84637641 -1.6184241  -0.52527641
  0.29995306]
A: [ 0.14111302 -2.31856169  2.48127266 -1.87200203 -1.56051986 -0.43879877
  0.3       ]
O: [ 0.14378492 -2.30902624  2.48912746 -1.87157982 -1.56053166 -0.43880606
  0.29996012]
A: [ 0.21454027 -2.38046674  2.56977307 -1.83663586 -1.50819108 -0.4422338
  0.3       ]
O: [ 0.21154431 -2.37098694  2.57493964 -1.83620784 -1.50822466 -0.44223323
  0.29995852]
A: [ 0.22687445 -2.42310531  2.60682959 -1.79822037 -1.51456034 -0.38187533
  0.3       ]
O: [ 0.22413726 -2.4138911   2.60869875 -1.79785123 -1.51450716 -0.38257559
  0.29995946]
A: [ 0.21896629 -2.43371687  2.58418844 -1.78021354 -1.45880857 -0.35927055
  0.3       ]
O: [ 0.21953968 -2.42473079  2.59335263 -1.77977544 -1.45914572 -0.35939309
  0.29996889]
A: [ 0.27541814 -2.41780543  2.67590707 -1.70473568 -1.53596972 -0.43155428
  0.3       ]
O: [ 0.26619172 -2.42749327  2.67110284 -1.70446806 -1.53489562 -0.43052296
  0.299946  ]
A: [ 0.22255059 -2.43686222  2.70570381 -1.67492671 -1.58367405 -0.38786606
  0.3       ]
O: [ 0.23194904 -2.43035615  2.70571862 -1.67464766 -1.58252322 -0.38888496
  0.2999434 ]
A: [ 0.30031546 -2.42261534  2.66601741 -1.64401178 -1.56022853 -0.35886151
  0.3       ]
O: [ 0.2946362  -2.43236105  2.67550867 -1.64369206 -1.56031794 -0.35899669
  0.29996718]
A: [ 0.33548069 -2.49273001  2.61543656 -1.65338106 -1.58459406 -0.28186676
  0.3       ]
O: [ 0.33451017 -2.48331189  2.62354178 -1.65300633 -1.58458372 -0.28187649
  0.29995578]
A: [ 0.40796051 -2.49591216  2.54236054 -1.5926763  -1.54203221 -0.21789118
  0.3       ]
O: [ 0.40418864 -2.48673833  2.55225213 -1.59227249 -1.54205963 -0.21792587
  0.29996103]
A: [ 0.34760321 -2.55022147  2.52092899 -1.60396438 -1.51302269 -0.21754853
  0.3       ]
O: [ 0.35035058 -2.54070694  2.52908416 -1.60355357 -1.51305727 -0.21754858
  0.29995967]
A: [ 0.2682865  -2.6122219   2.5779605  -1.5302864  -1.45490349 -0.26626024
  0.3       ]
O: [ 0.27133221 -2.602711    2.5841649  -1.52988431 -1.45496472 -0.26625012
  0.29996159]
A: [ 0.30272087 -2.65952143  2.58555501 -1.51180597 -1.46351734 -0.27685623
  0.3       ]
O: [ 0.29903409 -2.65029706  2.59223416 -1.51140888 -1.4635141  -0.27680276
  0.29995797]
A: [ 0.30375516 -2.63735242  2.53102913 -1.45862503 -1.52783396 -0.34576484
  0.3       ]
O: [ 0.30369264 -2.64690939  2.53974993 -1.45821908 -1.52781363 -0.3457237
  0.29994944]
A: [ 0.31027584 -2.6808954   2.62480279 -1.37817876 -1.48781252 -0.41112292
  0.3       ]
O: [ 0.31027274 -2.68502425  2.64080589 -1.43392045 -1.48100524 -0.39078562
  0.30463172]
A: [ 0.37483149 -2.73796688  2.70291097 -1.35157169 -1.55156192 -0.37189723
  0.3       ]
O: [ 0.37484771 -2.74227336  2.73308167 -1.51589482 -1.55798039 -0.34529678
  0.3038105 ]
A: [ 0.36375607 -2.67913758  2.65669803 -1.42904373 -1.4776406  -0.37115552
  0.3       ]
O: [ 0.36378584 -2.68322184  2.72513204 -1.51037328 -1.48262151 -0.34725809
  0.30258199]
A: [ 0.31110518 -2.74948841  2.69777544 -1.50388852 -1.50856423 -0.3593611
  0.3       ]
O: [ 0.3110641  -2.75388796  2.73623388 -1.52345878 -1.50938468 -0.34851873
  0.30035911]
A: [ 0.35616391 -2.74402833  2.79821961 -1.48096308 -1.43532189 -0.35829064
  0.3       ]
O: [ 0.35619498 -2.74833497  2.77661409 -1.55723264 -1.43179718 -0.35416539
  0.2898293 ]
A: [ 0.35530667 -2.81269531  2.83119589 -1.47926101 -1.35481277 -0.28011029
  0.3       ]
O: [ 0.3552707  -2.81727696  2.76281087 -1.53240359 -1.35093073 -0.27703635
  0.30074952]
A: [ 0.27085277 -2.75179578  2.80619649 -1.590916   -1.35000849 -0.28912155
  0.3       ]
O: [ 0.27185401 -2.75704081  2.79175185 -1.59567498 -1.34891216 -0.28964448
  0.30043893]
A: [ 0.21094092 -2.77009649  2.80349728 -1.68013346 -1.41517403 -0.25627189
  0.3       ]
O: [ 0.22031062 -2.7613895   2.80749109 -1.67924252 -1.41379453 -0.25701172
  0.29993747]
A: [ 0.20360012 -2.67785667  2.83038709 -1.6202572  -1.40309262 -0.33794836
  0.3       ]
O: [ 0.20645195 -2.687569    2.7867847  -1.62652876 -1.40192388 -0.33942428
  0.30527923]
A: [ 0.20196947 -2.60570938  2.79135117 -1.71082685 -1.40777181 -0.35399619
  0.3       ]
O: [ 0.20341952 -2.61554299  2.78653596 -1.71138806 -1.40729354 -0.35407843
  0.30110989]
A: [ 0.16140229 -2.68889396  2.72674828 -1.67092135 -1.45913576 -0.32607162
  0.3       ]
O: [ 0.16243668 -2.67978107  2.73490304 -1.67054416 -1.45916738 -0.32607815
  0.29996145]
A: [ 0.105927   -2.67365135  2.70403453 -1.65295347 -1.43785172 -0.37419142
  0.3       ]
O: [ 0.11198512 -2.68327224  2.71361214 -1.65256613 -1.43804548 -0.37387345
  0.29996619]
A: [ 0.15232534 -2.67026207  2.78013413 -1.64547324 -1.48931761 -0.35256721
  0.3       ]
O: [ 0.14713621 -2.67990255  2.77986785 -1.64499478 -1.48885829 -0.35277542
  0.29993839]
A: [ 0.07846112 -2.74380532  2.7925549  -1.6365531  -1.5219361  -0.33083498
  0.3       ]
O: [ 0.08169336 -2.73579675  2.79809831 -1.63614751 -1.52183812 -0.33095592
  0.29998865]
A: [ 0.09084823 -2.75753271  2.79567691 -1.68492251 -1.60025766 -0.25232777
  0.3       ]
O: [ 0.08838465 -2.74854017  2.80194565 -1.6837151  -1.59598558 -0.2566456
  0.30000065]
A: [ 0.01703047 -2.80307365  2.76210921 -1.6486924  -1.61802849 -0.22401419
  0.3       ]
O: [ 0.01905457 -2.79409132  2.77051371 -1.64832999 -1.61798518 -0.22406583
  0.29995888]
A: [ 0.08918206 -2.86646345  2.82076272 -1.66237678 -1.63056159 -0.26025776
  0.3       ]
O: [ 0.08609517 -2.85803499  2.82318345 -1.66301708 -1.63055994 -0.26024015
  0.29994965]
A: [ 0.15398877 -2.84250333  2.80608875 -1.72456115 -1.70391433 -0.31947691
  0.3       ]
O: [ 0.14964321 -2.85217643  2.81406727 -1.72407237 -1.70364141 -0.31930644
  0.29993604]
A: [ 0.22928364 -2.89121374  2.88653744 -1.73069212 -1.67572189 -0.25177364
  0.3       ]
O: [ 0.22928365 -2.8959222   2.84710273 -1.72744471 -1.67567973 -0.25177368
  0.29995656]
A: [ 0.17739469 -2.91117693  2.87147226 -1.70643013 -1.67250029 -0.25506596
  0.3       ]
O: [ 0.17855681 -2.91726393  2.84885256 -1.70728444 -1.67187347 -0.25628731
  0.30270902]
A: [ 0.09422949 -2.94676576  2.92841816 -1.64069843 -1.61129682 -0.3369769
  0.3       ]
O: [ 0.09424024 -2.95155645  2.84908722 -1.69718968 -1.61251376 -0.33637846
  0.29986106]
A: [ 0.10969142 -3.03619303  2.83481503 -1.66705166 -1.54038927 -0.33150929
  0.3       ]
O: [ 0.10969743 -3.04114734  2.84927299 -1.70803681 -1.54178772 -0.33120749
  0.29995404]
A: [ 0.17014094 -3.08158366  2.93384833 -1.74655277 -1.45920463 -0.37081485
  0.3       ]
O: [ 0.17014094 -3.08661598  2.84602279 -1.7404089  -1.45924684 -0.37081488
  0.29995935]
A: [ 0.17684099 -3.00313962  2.82703297 -1.7280155  -1.51764078 -0.32105736
  0.3       ]
O: [ 0.17657412 -3.01284247  2.83480202 -1.72750645 -1.51761043 -0.32110252
  0.29994938]
A: [ 0.14446146 -3.01859659  2.89430668 -1.74172373 -1.57803031 -0.30186319
  0.3       ]
O: [ 0.14446146 -3.02354066  2.84622121 -1.73791822 -1.57802761 -0.30186322
  0.29995801]
A: [ 0.10740579 -2.95282012  2.89574984 -1.69963834 -1.66301119 -0.25994884
  0.3       ]
O: [ 0.10740758 -2.95764966  2.84931711 -1.70653974 -1.66337696 -0.25970758
  0.29995118]
A: [ 0.18831762 -2.93531086  2.92722349 -1.68151782 -1.57689587 -0.33217751
  0.3       ]
O: [ 0.18832477 -2.94009389  2.84927436 -1.70308132 -1.57717602 -0.33121595
  0.29990491]
A: [ 0.13627805 -2.96989473  2.77426434 -1.69406289 -1.52164987 -0.31901441
  0.3       ]
O: [ 0.13751945 -2.96071885  2.78309614 -1.69359163 -1.52169148 -0.31901817
  0.29996777]
A: [ 0.08545161 -3.03098445  2.81866667 -1.7598153  -1.5997893  -0.33866323
  0.3       ]
O: [ 0.08855399 -3.02187812  2.82406928 -1.75932981 -1.59959943 -0.33861542
  0.29993934]
A: [ 0.11125294 -2.95184952  2.86316475 -1.83247129 -1.54722799 -0.36857547
  0.3       ]
O: [ 0.11125295 -2.95667186  2.83914214 -1.8304567  -1.54723713 -0.36857551
  0.29995853]
A: [ 0.17834263 -3.00122243  2.85692409 -1.81951826 -1.60529733 -0.4084617
  0.3       ]
O: [ 0.17834263 -3.00613493  2.84004602 -1.81780111 -1.60528442 -0.40846175
  0.29995915]
A: [ 0.1792095  -3.01266498  2.92000039 -1.85703156 -1.619303   -0.36110925
  0.3       ]
O: [ 0.1792095  -3.01759577  2.83766367 -1.85227438 -1.61928521 -0.36110931
  0.29996008]
A: [ 0.23702523 -3.09728031  2.90468329 -1.84488235 -1.55866186 -0.28188754
  0.3       ]
O: [ 0.23702523 -3.10233258  2.83842167 -1.84097019 -1.55866626 -0.28188759
  0.2999616 ]
A: [ 0.18393339 -3.12394549  2.91928299 -1.86957842 -1.60837401 -0.29573978
  0.3       ]
O: [ 0.18393339 -3.12902982  2.83683681 -1.86496993 -1.60836121 -0.29573984
  0.29996285]
A: [ 0.18393339 -3.12902982  2.83683681 -1.86496993 -1.60836121 -0.29573984]
