-10
-10
-10
-10
-10
-1.7603120649092883
-1.7542967734334272
-10
-1.8230202416608738
-2.0131878003908232
-1.5256797043360983
-10
-1.5593515674729583
-10
-1.8217450110184297
-1.70930762906967
-10
-1.485873441303016
-10
-10
-10
-10
-2.286095664553827
-2.021289121664801
-1.765134084243566
-2.153273055314188
-1.7625622912197652
-1.6376662480414383
-2.0895968738569284
-1.8762454141120641
-1.691089369391626
-1.6157864948409248
-1.6635706222206474
-2.0617817764403203
-1.8660965064678503
-1.59014830007684
-1.9459363568863712
-1.8143793476219756
-1.9684561729535266
-1.7483241967971668
-2.160531554009001
-2.012539567207607
-1.9851541654878906
-1.8110401492503405
-1.8087717893519963
-1.9326962006732271
-2.136001591944734
-2.064273850120534
-1.9293339357991715
-1.4457366986822353
-1.9538995492143856
-1.9210836454154572
-1.9429161368219126
-1.776779336333077
-1.7847224911774509
-1.585593906450175
-1.8239302845152752
-1.642533464186474
-1.6510909843381694
-1.6809379672467724
-1.6772484857245362
-1.99530746949647
-1.6277913346684447
-1.838644929337646
-1.8719260334673844
-2.1465595453323605
-1.887923019156032
-1.7154989255005966
-1.8063220613926059
-1.9690867851453333
-2.1272570308439365
-1.543490310396008
-1.9610088488489705
-1.7842935412662566
-1.7187718253632316
-1.6806238107753295
-1.79409627419013
-1.9183971024464213
-2.010657649780367
-2.0108438416258627
-1.631169720527767
-1.4376465546935984
-1.5328798768199765
-2.0723480795168494
-1.8322309070701726
-1.8774908741004517
-2.1945700318228236
-1.9506377431568558
-1.833632366922223
-1.7571405910235798
-2.02619391869935
-1.952862371854471
-1.6528860584703113
-1.6329301149869613
-2.2402967580605107
-1.8485208875307935
-2.11338122453296
-1.5183372868807272
-1.510968062089227
-1.862602549420985
-1.8924684999421253
-1.9412930893789568
-2.067772812787192
-1.6114402066433926
-1.7377766815768196
-1.719471362634476
-1.8676199916566754
-1.6913494928408466
-1.7314752537732498
-1.9522447571676076
-2.0512032899060255
-1.5167987671106669
-2.2400273497069674
-1.4434096362228959
-2.0335191996792976
-1.568117005562758
-2.0295444688037723
-1.3499665492523927
-1.7626875834983249
-2.1002362632449283
-1.7691757997257527
-1.8607000860973708
-1.8369909811886191
-1.9527263009236067
-1.8130161198078731
-1.6313614513440926
-1.980481646053857
-2.068053024298204
-1.7762475980514458
-1.8178849495076337
-1.7141495432866287
-1.4574184124874519
-2.002034871142233
-2.049773453299991
-1.8809167109229628
-1.674592877077938
-1.5338983470472423
-1.836575064328286
-1.7455663003861095
-1.7574568146208147
-1.4518752852920727
-2.135750837020957
-1.999014111192253
-2.0060790837553886
-1.9768418780188912
-1.5207469299961518
-1.5654358088206601
-1.8258496969861848
-1.6487788643760293
-2.148983027636489
-1.6442873182850921
-1.817794271068335
-1.6832396831980825
-2.0655005724319833
-1.739281110160505
-2.222505547854595
-1.6051169770613307
-2.1247246000129922
-1.8143732660892584
-1.4268882831974858
-1.7678841736495154
-1.8682693467735163
-2.163340018013287
-2.2647726187713757
-2.052816563587271
-1.6389827002963333
-1.6729045235255036
-2.0675431797259765
-2.127665041753746
-1.7221677919633709
-1.9217359854179066
-1.7325410059019601
-10
-1.7917194708066584
-1.9861228596594471
-1.5031654679308173
-1.7172682251795361
-1.9586328041928451
-1.8161260704598745
-1.790421037448663
-1.6987650330438966
-1.8000252044367178
-2.0408253337634688
-1.5907227129974073
-2.3353245623434105
-1.9705805286918145
-1.8388950596630425
-2.1788638525320185
-1.8662182105900849
-2.0037115787405457
-1.9805237297042715
-1.7870295145803612
-1.8276649745907565
-1.5534348821237502
-1.7487335065627225
-1.9431399477508653
-2.0418441954453264
-1.8812625193876518
-10
0
0
0
0
0
0
0
0
0
0
0
0
0
0
0
0
0
0
0
0
0
0
0
0
0
0
0
0
0
0
0
0
0
0
0
0
0
0
0
0
0
0
0
0
0
0
0
0
-10
0
0
0
0
0
0
0
0
0
0
0
0
0
0
0
0
0
0
0
0
0
0
0
0
0
0
0
0
0
0
0
0
0
0
0
0
0
0
0
0
0
0
0
0
0
0
0
0
0
0
0
0
0
0
0
0
0
0
0
0
0
0
0
0
0
0
0
0
0
0
0
0
0
0
0
0
0
0
0
0
0
0
0
0
0
0
0
0
0
0
0
-10
-10
-10
-10
-0.15121128435508654
-0.1520083482634767
-0.15223058384871607
-0.15222054480254044
-0.1525781925298187
-0.15224773152629784
-0.15148518633052288
-10
-1.6347510789942636
-1.6339936557227661
-1.6330470533349102
-1.6339196769766526
-1.6333211255115494
-1.634630722878732
-10
-0.41105708818411624
-0.40976837413585987
-0.41108632086923746
-0.4117530110361378
-0.41218749207696004
-0.4115037105198639
-0.4110421206010725
-0.41295914203407447
-0.41091514174648935
-0.4114977126131241
-0.41131491352396005
-0.4132388695523125
-0.4113753692394426
-0.41193934825126866
-0.4126344485223802
-0.410177791419663
-0.41064873175947114
-0.41199731529051764
-0.4124771768827751
-0.4132159882647371
-0.41256120836519555
-0.4119810345255658
-0.4125097511031268
-0.4107323218948066
-0.4099844438051972
-0.41019843516181304
-0.41303010744550855
-0.41127924669423943
-0.41133653245033996
-0.4128087147076918
-0.40977520379438004
-0.409768508000556
-0.4126121903727086
-0.410568010071252
-0.4123329580060783
-0.4121446612244853
-0.4117907493494314
-0.4112835338237829
-0.4117517069582844
-10
-10
-10
-0.4122359401448164
-0.4132508874944877
-0.409757648862913
-0.41285403097225615
-0.41319596613891174
-0.4100218038027733
-0.41157224366146383
-0.409689557976548
-0.4098164086371945
-0.41127942464064415
-0.4111207446976148
-0.41136495293334563
-0.4097462508319674
-0.41137383338603545
-10
-0.46874633198930094
-0.46965497180754506
-0.4706157742989721
-0.46784393111775435
-10
-0.3645380291082534
-0.3678825735387492
-10
-0.3673587331755459
-0.366754832158916
-0.36642462497823336
-0.36781021216105525
-10
-0.7154998414311884
-0.7135180783319266
-10
-0.781088542474939
-0.7829944496007835
-10
-0.8873938055494737
-10
-10
-10
-0.7800279385278568
-0.7829309955958152
-0.7817215954832363
-10
-2.101676384249147
-2.099956451109376
-2.0996006094975694
-10
-1.449444027511347
-1.4510952915109274
-10
-1.9471829093995934
-1.948812936181516
-1.9473627060265235
-10
-0.34377733897861473
-0.34185154619713687
-0.3427023748049069
-0.3435439327701028
-0.3418202606770482
-0.34082629189669184
-0.34051195284886193
-0.3410661803547138
-10
-0.17176547563352634
-0.1712217297621459
-0.17137531471700726
-0.1720665731571822
-0.1725191208582647
-0.17226231615030202
-0.17228931179140833
-0.1719250291402324
-0.17275486309617719
-0.171176000178403
-0.17282685886055538
-0.17153044461039185
-0.17149076163936938
-0.17173699325990888
-0.17150547160544682
-0.17121512108810527
-0.1723793174225312
-0.17166464480008037
-0.17164472498755118
-0.17084416166232547
-0.17167707853619596
-0.17256662237135978
-0.1722228859163652
-0.17172282735094097
-0.17153661956084532
-0.17162679245517076
-0.17216550659195587
-0.17275865827237058
-0.17153445277598717
-0.17192599845516415
-0.1715955510670669
-0.17170786608506255
-0.1727431014940432
-0.17219347542877494
-0.17194869977388333
-0.17132701053341243
-0.17238582285948856
-0.1719496982340915
-0.17188155531759897
-10
-0.09770300006264603
-0.09547695206788395
-0.09746318954341249
-0.09647290825939737
-0.09727868754650888
-0.09736868194791505
-0.09682608028895277
-0.09696846248486153
-0.09582429552033311
-0.09554597098356372
-0.09590601427216257
-0.09700944912119769
-0.09619099280566201
-0.09722773672638228
-0.09631197061103944
-0.09607636445372075
-0.09717573794286345
-0.09588388675877112
-10
-0.09935562859002053
-0.09625696873240805
-0.09887446368750497
-0.09965115473418797
-0.09938768986835216
-10
-0.08111274717631159
-0.08086723572952007
-0.08168903981932975
-0.08236640522394269
-10
-0.0961270021551685
-0.09421521548293336
-0.09582286254965805
-10
-0.09802795968939101
-0.0980425328869662
-10
-10
-10
-1.8298267586055488
-1.8338460547940503
-1.8323993144936142
-1.8324432771719104
-10
-1.6226986497980138
-1.6234372981561864
-1.624802774102986
-1.6228832693382758
-1.6234577875477323
-1.6256422824776253
-1.6244289723144272
-1.622686038152687
-1.6246648198303153
-1.6263318349700655
-1.624624676268905
-1.625186298908691
-1.6246208679692002
-1.6249839002065884
-1.6243892833032265
-10
-10
-10
-10
-10
-10
-10
-10
-10
-10
-10
-10
-2.3815419581922295
-2.0882353965602585
-10
-10
-10
-10
-2.075740524095072
-10
-10
-10
-10
-10
-10
-10
-10
-10
-10
-10
-10
-2.1739310959765903
-3.386398418559907
-2.72178572526012
-10
-10
-10
-10
-10
-10
-10
-10
-10
-0.3294132502172099
-0.32837310870188585
-10
-0.3825344428512435
-0.38186662611875216
-0.38245831478447156
