-10
-4.996226643770968
-5.601603837602207
-10
-5.967076243098375
-10
-10
-5.295072102320663
-4.3520288302148264
-3.3818021856917286
-10
-4.69064419887555
-10
-5.034645339812471
-10
-10
-10
-10
-10
-10
-10
-10
-3.6605060937462355
-10
-10
-10
-5.241171099151591
-10
-10
-4.402648445794355
-4.570084692890448
-10
-10
-3.484588316249626
-10
-10
-10
-10
-3.5619321902957655
-4.646659649691806
-4.355424576485265
-5.61179525568169
-3.4626208036932478
-10
-10
-10
-10
-10
-4.928187969609527
-10
-10
-10
-10
-10
-10
-5.559928783631554
-5.019684567806532
-10
-10
-10
-10
-10
-10
-10
-10
-10
-4.5244373099213275
-3.708885238622393
-10
-10
-3.3555394143173674
-10
-10
-3.727431960743765
-5.971775737547359
-5.661164510651112
-10
-10
-10
-3.6231297542418366
-10
-10
-10
-10
-4.719531108520545
-2.499532748444654
-10
-4.155539232725923
-4.351198288514799
-10
-10
-10
-10
-10
-5.496706665954332
-10
-3.8960888893252825
-10
-2.2541726323484976
-10
-4.78599310089738
-10
-10
-2.9810429583294598
-10
-10
-10
-10
-10
-4.792236539433049
-10
-10
-10
-10
-3.167303713366237
-10
-10
-10
-10
-10
-10
-3.8208617717022992
-2.946394467133398
-4.683153305886501
-10
-10
-10
-10
-10
-5.233557229449114
-5.3972086646500985
-10
-5.533411685360393
-10
-4.59927537447561
-10
-10
-2.9136121647194053
-5.17824570491367
-10
-10
-3.6376989520858123
-10
-10
-10
-10
-10
-10
-10
-2.4775590128995146
-3.889751372268078
-4.123984211616916
-10
-10
-10
-10
-10
-10
-10
-10
-10
-4.6838857949011
-6.078485400201837
-10
-10
-3.2659119526750486
-10
-10
-10
-10
-5.371389691024585
-10
-10
-10
-10
-10
-3.031030799359449
-10
-10
-10
-10
-10
-10
-10
-10
-10
-4.88966217622894
-5.019899862642628
-3.605166344178699
-10
-10
-10
-10
-10
-2.4452236969310004
-4.563599866017137
-10
-10
-10
-10
-10
-10
-5.078954721549476
-10
-10
-10
-2.3397474230460453
-10
-10
-10
-10
-10
-5.96021284426258
-10
-10
-5.873884697459164
-10
-10
-10
-10
-10
-3.2497005666042122
-10
-4.554901562585334
-10
-10
-5.6850032006746165
-10
-10
-4.332540336420948
-2.977840006745353
-5.269094660952289
-10
-3.5580046576446067
-10
-10
-10
-10
-10
-10
-10
-10
-6.535570655832311
-10
-10
-10
-4.555689187130798
-10
-5.732997307869776
-10
-10
-10
-10
-10
-5.601270194587399
-10
-10
-10
-2.52471684637163
-10
-10
-10
-10
-3.96280079859425
-4.41595000940228
-10
-10
-4.9917652091982685
-10
-10
-10
-10
-10
-10
-5.070042174126288
-10
-10
-10
-10
-10
-10
-10
-10
-4.464435605954524
-10
-5.961568459989783
-10
-10
-10
-5.589840691216665
-6.284308460872992
-10
-10
-10
-5.874919448522675
-10
-10
-10
-10
-2.5530116740833027
-4.062252043503584
-4.819535143077571
-4.230735044795197
-10
-1.6262899685433014
-10
-10
-10
-10
-10
-10
-10
-10
-10
-10
-10
-4.545588258960194
-4.642333519817563
-10
-10
-10
-10
-3.573792293995824
-10
-4.495561053125568
-5.380188531726382
-10
-10
-5.1635506341949995
-3.4402803455206192
-10
-10
-10
-10
-4.341410045936382
-10
-10
-5.638971635043375
-10
-10
-10
-10
-10
-4.753908874257456
-10
-10
-10
-10
-10
-10
-10
-4.785827992932088
-4.07587608959356
-10
-10
-10
-10
-10
-10
-10
-10
-10
-10
-10
-4.511090340941466
-10
-10
-10
-6.207171463212154
-3.50097624878632
-10
-5.303461831687051
-4.3394070552492
-4.288766515733046
-10
-10
-4.40473011836966
-10
-4.7150896488673295
-10
-4.372797330692373
-10
-10
-5.1138837056273285
-10
-10
-10
-10
-2.111536662922528
-10
-10
-5.55563655257891
-10
-4.3913367610302085
-10
-3.299261101550367
-10
-10
-4.68032720272255
-4.956678123644714
-10
-10
-4.970809527373116
-10
-10
-5.572769779032098
-10
-10
-10
-3.635362923708539
-10
-10
-3.75564756178861
-4.423486039267631
-10
-10
-10
-10
-10
-4.7588762408377825
-10
-10
-10
-10
-10
-10
-4.105707697763142
-10
-2.9179507423986832
-3.9364435204174604
-5.715098802867579
-10
-10
-4.2499197128261095
-10
-3.499270042127299
-10
-5.1921045940431325
-10
-4.800441812463731
-10
-4.702722000442291
-10
-10
-10
-3.027673637453236
-10
-10
-4.268314859892269
-10
-10
-10
-10
-3.7024315110207837
-10
-10
-3.7905919468351676
-2.621698467066852
-10
-10
-4.618117541583796
-10
-10
-3.7389904971547896
-2.57556585797938
-4.0687153693617795
-10
-10
-2.3529156926160404
-3.0890132613363237
-10
-4.873637595285042
-4.563255405983585
-10
-10
-10
-10
-10
-10
-4.175783333480085
-5.018496247673806
-10
-4.043707314026787
-4.5499673498332545
-4.695647137499361
-10
-10
-10
-10
-10
-10
-10
-10
-10
-10
-4.939723160737984
-10
-10
-10
-4.664815129272458
-10
-10
-10
-10
-3.684882041389486
-10
-5.572925358733077
-10
-10
-5.066961337983852
-10
-10
-4.185268521871173
-10
-5.682927816885156
-10
-10
-4.410131960656585
-10
-10
-10
-2.0399823819411322
-5.59415859157924
-10
-10
-10
-4.958400542655691
-3.8772488966769076
-4.814165127704193
-10
-10
-10
-10
-3.525958617629363
-10
-10
-10
-10
-4.49995468174835
-10
-10
-10
-4.40987462266966
-5.928469247134815
-10
-4.858647807486346
-10
-4.852895796183734
-10
-5.143903098716268
-10
-10
-10
-10
-10
-2.1750440491229446
-10
-10
-4.282447095442418
-10
-10
-10
-4.094545056426115
-10
-5.661575703402788
-10
-10
-10
-10
-10
-5.387609364666208
-10
-10
-10
-10
-10
-5.674100004819449
-10
-10
-4.147566906920403
-5.94983059791008
-10
-10
-10
-4.604313543969931
-10
-10
-4.116150134685708
-5.726042279839589
-10
-5.138690446267436
-10
-10
-10
-10
-10
-2.6921983478769214
-10
-5.811479774925251
-10
-3.7186548193503506
-10
-5.83919357107972
-10
-3.906794311211025
-4.593744848433525
-10
-10
-10
-3.4285152686722276
-5.81408710212658
-10
-10
-2.4881151182690986
-10
-10
-5.989397803149277
-10
-10
-10
-4.383921068928208
-4.927786042905586
-5.184265686821874
-10
-3.2294872062780735
-5.7042079924805
-4.918853819793341
-2.958380873705793
-10
-2.2625598973796333
-10
-10
-10
-5.7122654332403995
-10
-5.334285538284014
-10
-10
-3.9565546862396843
-10
-10
-5.283874936284358
-10
-4.850303826906751
-5.373519695578679
-3.9442258392597966
-4.118096507661547
-1.0916038665006362
-10
-5.497791440322068
-10
-5.310844746964509
-3.606412072022843
-10
-10
-10
-10
-4.969013390660254
-10
-4.115321672059999
-10
-10
-3.448124549171629
-4.756324535549496
-10
-10
-4.199949191239481
-10
-10
-10
-10
-10
-4.717725627863407
-10
-10
-10
-3.074951169801322
-3.9221200610719245
-4.436610366504616
-4.226186143700605
-5.982762325177852
-10
-4.086898194416618
-10
-5.365974856635775
-10
-10
-10
-3.8852590259931166
-10
-10
-10
-10
-10
-3.7900625302239277
-10
-10
-10
-4.173776163864478
-10
-5.371754142678108
-10
-10
-10
-10
-10
-10
-10
-4.976107259527907
-10
-10
-4.902332719679885
-10
-10
-4.263935112393431
-10
-10
-5.499218041961978
-3.668486567668681
-10
-10
-10
-10
-2.6051086270721466
-10
-10
-4.425989666672533
-10
-10
-10
-10
-10
-10
-5.783445399913925
-10
-10
-10
-10
-10
-10
-5.724250930973662
-10
-10
-10
-10
-10
-10
-10
-4.704212723493295
-10
-10
-4.596679765938979
-5.258475529183298
-4.864363682512353
-4.8182705172081794
-10
-4.458953414167228
-10
-10
-10
-10
-4.06236192189813
-10
-4.785895758531454
-10
-10
-10
-10
-10
-2.8725325469077503
-6.158823883869739
-10
-10
-10
-10
-10
-10
-10
-10
-3.8873592615861945
-10
-10
-10
-10
-10
-3.19200756093539
-4.366739097504551
-10
-6.399766104604581
-10
-4.379302950497653
-2.31049794613918
-4.721326211075196
-10
-10
-10
-2.6572531630658345
-10
-10
-10
-5.237226160375268
-4.369475133730575
-10
-10
-10
-10
-10
-4.098562662543938
-10
-3.4453144628348937
-10
-10
-10
-10
-3.3240005490861373
-10
-10
-5.047692188230306
-10
-10
-10
-3.6196378260714432
-3.734824722597547
-3.3656903794853785
-10
-10
-10
-10
-5.089331104900633
-10
-10
-3.444053590839553
-10
-10
-10
-5.218293701052744
-10
-10
-10
-10
-10
-10
-5.550046626492838
-10
-10
-4.684125672833806
-5.5312906394185255
-10
-10
-10
-10
-10
-10
-5.166092332832469
-10
-10
-10
-10
-10
-10
-10
-5.5789351766216395
-10
-5.801832816549409
-10
-10
-5.043090031836462
-10
-4.73246423689465
-10
-3.8191038092963927
-10
-4.772023514847503
-3.1676186375971627
-10
-5.173442116776688
-10
-10
-10
-3.050744818125168
-10
-10
-3.9149347907934993
-10
-10
-10
-10
-10
-5.67758979509726
-10
-10
-5.217206594949897
-10
-4.691058456929284
-4.158502917177874
-10
-10
-10
-10
-10
-10
-10
-10
-10
-10
-10
-1.37163746853512
-5.776073828967941
-10
-5.457671922169505
-10
-10
-10
-10
-10
-10
-5.996691137682991
-4.2594280150916655
-10
-10
-10
-10
-2.8193464331212255
-5.895670587846476
-10
-10
-10
-2.1372839882251253
-10
-10
-10
-4.568780321226404
-10
-3.7215615602859495
-10
-4.627502125313281
-10
-2.5701350390244286
-10
-10
-4.10905090050195
-4.292946611360954
-10
-2.941565937578088
-3.5534423979716943
-1.7783845842217545
-10
-5.106761703869717
-10
-10
-10
-10
-5.616163677982419
-4.757693984979982
-10
-4.9666718978551945
-10
-10
-10
-10
-3.1988352469283132
-3.7264891024107287
-10
-3.937794811711689
-10
-10
-10
-10
-4.315894532025397
-10
-10
-10
-3.7608617019328556
-10
-10
-10
-10
-10
-10
-10
-4.152794612416622
-10
-10
-10
-10
-5.055105143328021
-10
-10
-10
-10
-4.854657192601483
-10
-10
-10
-10
-10
-10
-4.966348285512309
-10
-5.720199469099679
-10
-10
-10
-10
-10
-5.369189790212828
-3.5104771875129357
-5.115868650994475
-4.611850166400182
-4.030919324505767
-10
-10
-10
-10
-10
-5.250687745494204
-10
-10
-10
-5.163125661847064
-10
-10
-10
-10
-10
-10
-5.189434132968727
-10
-3.8507594670011325
-10
-10
-5.212830525341603
-10
-5.11465793094412
-10
-10
-10
-10
-10
-10
-10
-10
-10
-10
-10
-10
-10
-10
-1.7258503286392157
-10
-10
-10
-10
-4.497416025344548
-5.905867245573208
-2.4335293812469407
-10
-10
-10
-10
-10
-10
-10
-10
-4.957408812766397
-1.5531296842385587
-10
-10
-4.739174892609128
-10
-5.708770031636583
-4.793598316462388
-10
-4.2114049850759345
-10
-10
-3.1817221571328567
-10
-10
-5.311796388731553
-10
-3.114109920809438
-5.022827624104007
-10
-4.333388511315396
-10
-10
-10
-10
-5.240628275963778
-10
-10
-4.8549774947925
-10
-2.283370804814508
-10
-4.546308773965347
-5.91610529995155
-4.636114024428016
-10
-4.442925152934017
-4.510615803107541
-10
-2.780666310270381
-10
-10
-2.692998237592107
-10
-10
-10
-10
-10
-10
-2.2073169434734456
-10
-10
-10
-4.880421093991245
-10
-10
-10
-10
-4.748661039185081
-4.416006418142253
-10
-10
-10
-10
-2.974955871395381
-10
-10
-10
-4.752823590246865
-10
-10
-10
-4.24882254692054
-10
-4.177603305564813
-4.708411559339046
-10
-10
-1.6067239129238922
-10
-4.9628622414237995
-4.8704740780189315
-5.311239209039942
-10
-10
-10
-4.289714068618794
-4.994969892832495
-4.350584526834027
-3.3372380223003946
-3.9512536751250433
-10
-10
-10
-10
-6.3674040175425715
-10
-10
-3.9781011493967733
-10
-10
-10
-5.0785238871758
-2.9448429239317524
-10
-5.950856592200223
-10
-5.610736258814558
-5.825353020406342
-10
-4.9716173347853205
-3.538058731554279
-10
-10
-6.204984807396613
-10
-10
-5.898286976866957
-10
-10
-10
-10
-10
-4.974590767912644
-10
-10
-10
-10
-10
-3.509709205834748
-10
-10
-10
-4.884789186957515
-10
-10
-10
-10
-4.529225963425883
-10
-4.28767207616481
-2.56890407981719
-10
-10
-5.367005023141591
-10
-10
-3.888571706323423
-3.405271446383013
-10
-10
-10
-10
-10
-10
-10
-3.4901093609944596
-5.203071413639571
-10
-4.0159918519654365
-10
-10
-10
-10
-5.372116529881854
-10
-10
-10
-10
-10
-10
-10
-10
-10
-10
-4.248652411064313
-10
-10
-5.070763329676753
-3.217664648282087
-10
-5.173495010960738
-10
-10
-10
-4.218364574215014
-10
-6.201359747843774
-10
-10
-10
-4.674966701261006
-10
-10
-10
-4.805422641083473
-10
-10
-3.5275296948609567
-10
-3.3044057760100056
-10
-4.49502744388205
-10
-3.9812445850261033
-2.568543776693377
-10
-10
-10
-4.1671184885799075
-10
-10
-10
-10
-10
-10
-10
-2.8022291528051735
-4.074920045527184
-10
-5.346875056103524
-10
-3.517029336286324
-10
-4.127702239553933
-4.196708603088348
-10
-10
-10
-4.799272322965524
-5.827698621683792
-10
-10
-10
-10
-5.479443093051286
-10
-10
-4.3730933782772805
-10
-4.356370149784892
-10
-10
-10
-10
-10
-10
-5.550104407248248
-5.635778679015239
-4.735113200765362
-3.7512317308511216
-4.53545062865801
-3.3883930859458955
-5.1810477281991
-10
-4.705775847369125
-10
-10
-10
-10
-10
-5.292179931835542
-10
-10
-10
-10
-5.017715968308169
-5.845643871534264
-10
-6.126654009125011
-4.9178935070587775
-10
-10
-10
-10
-10
-10
-10
-10
-4.7852550374261025
-4.943202950690723
-10
-10
-4.520270043565436
-5.286905083027623
-3.4027678203082017
-4.11865433211335
-10
-4.693408961111237
-10
-10
-5.468101072777862
-10
-10
-4.045629804977849
-10
-4.361974120381115
-10
-10
-10
-10
-5.017674890224185
-3.3087072394470205
-3.246525633748255
-4.20379799066007
-3.6249130357143553
-10
-10
-10
-10
-10
-10
-10
-10
-10
-10
-10
-10
-10
-10
-10
-4.8053768079623715
-10
-10
-10
-4.223997327817427
-10
-10
-10
-1.673337794693323
-10
-10
-10
-10
-10
-10
-10
-2.928941056821957
-4.560862880174859
-4.597043577544073
-10
-10
-10
-3.9270683167157987
-10
-10
-10
-10
-10
-10
-10
-10
-10
-10
-3.0045299825152343
-3.8802988431375964
-2.19636344725101
-10
-3.4374098735923786
-10
-10
-4.260240563905423
-10
-10
-10
-10
-5.862135192695581
-4.423256117258721
-10
-10
-10
-10
-10
-10
-10
-10
-10
-4.1322163909227125
-10
-10
-10
-10
-10
-10
-10
-10
-10
-5.272226617197603
-10
-10
-5.190041334595472
-5.764208783705218
-10
-4.37851682115307
-10
-10
-10
-10
-10
-10
-4.277481196792182
-3.814437781465754
-3.739547977408383
-4.7234888847485585
-5.797964534615554
-10
-10
-10
-4.943037587974331
-10
-10
-10
-4.457709931390394
-10
-4.778013526233837
-10
-10
-10
-4.99443438940612
-3.4581522309879187
-4.848738255903452
-3.4874301480603997
-10
-10
-10
-10
-10
-10
-3.888940764198194
-10
-10
-10
-10
-10
-10
-10
-10
-5.49608901957457
-4.852361102252224
-1.9046323641454475
-4.361979988691431
-10
-10
-3.8402522572274647
-10
-10
-3.136641306072584
-3.52075537077729
-4.0215947481864145
-3.451037400078452
-10
-1.9208979283548115
-10
-3.431877082145682
-3.637245738363074
-10
-10
-10
-10
-4.613472809800337
-10
-5.866069917046358
-10
-10
-10
-4.803826294904027
-3.8395536597957793
-10
-10
-10
-5.054458933319285
-10
-3.3293206615359017
-5.49062122826929
-10
-10
-10
-10
-10
-10
-4.73839965920974
-10
-10
-10
-4.888677326359639
-10
-10
-10
-10
-10
-10
-5.378086472973211
-10
-10
-3.755219181479439
-10
-10
-4.770935384762387
-3.7578669061508565
-10
-4.59502369451266
-10
-10
-10
-10
-10
-4.837882578971533
-6.248737228714846
-10
-5.270572867710149
-4.972173616739861
-10
-3.7527530522171064
-10
-10
-10
-10
-10
-10
-10
-10
-5.724306489530027
-10
-10
-10
-10
-10
-10
-4.432870035828739
-2.395520268110209
-4.648407734644069
-10
-1.6505563104668934
-10
-4.380879879016412
-10
-3.687464501462336
-6.426634593838195
-10
-10
-10
-10
-10
-10
-10
-4.158854764651911
-10
-10
-10
-5.921136592764333
-10
-10
-10
-10
-10
-10
-3.749652563223517
-3.6763233676523126
-10
-10
-4.628964414446388
-10
-5.85041723639889
-10
-4.818837873052757
-2.161756674286692
-5.137881710371122
-10
-3.0128267724730344
-10
-10
-10
-10
-10
-5.38037495621915
-4.450832711531241
-10
-4.87275081047545
-10
-10
-10
-10
-4.734508006096656
-10
-3.143539763833724
-10
-10
-4.320595193888048
-10
-10
-10
-10
-3.93111004296325
-10
-10
-10
-1.9517453422710296
-10
-5.82294826688383
-10
-5.550818111814047
-10
-5.615835816024567
-10
-10
-10
-3.7021564438040624
-10
-2.3549701985281652
-4.450964356546461
-10
-10
-10
-10
-10
-10
-10
-2.170622527919913
-10
-10
-10
-10
-10
-10
-10
-10
-10
-5.026700020840652
-10
-10
-10
-10
-10
-5.251087544471952
-10
-10
-10
-10
-10
-2.4505196029543166
-10
-10
-5.382650767940642
-10
-3.928202778318389
-10
-2.3072734444670777
-10
-10
-4.225049357775205
-10
-10
-10
-10
-5.068384307124427
-10
-5.987786339664102
-3.468063526123838
-4.088091023792444
-4.144147785417959
-10
-10
-10
-10
-4.347986123804933
-3.406144877560349
-4.6125844633863196
-10
-5.535081494844599
-10
-10
-10
-10
-10
-10
-10
-10
-4.794530127560476
-10
-10
-10
-10
-10
-10
-10
-10
-4.836198568770477
-4.782813793177332
-5.059620797248331
-10
-10
-10
-10
-10
-2.50384728439743
-5.847488897585293
-4.726796463943365
-10
-4.397289430974515
-10
-10
-10
-10
-10
-5.8242020579582
-4.663334214196558
-2.0739763816924492
-6.176944320109084
-10
-3.942388286125593
-10
-10
-3.887642905924067
-4.501147693866358
-10
-10
-10
-10
-10
-10
-3.444252787073675
-10
-3.9650450842635703
-10
-10
-6.061971262535097
-10
-10
-1.6261272524243298
-10
-10
-5.286345962391465
-10
-4.752754902113228
-5.188338183140549
-10
-10
-5.296300980409006
-10
-10
-3.774791996567103
-5.465453742592719
-4.108309611608446
-10
-10
-3.0345930065906064
-2.7301059512441723
-10
-2.6641212027757963
-1.1678636532392865
-10
-5.095833447915434
-4.384844018901449
-10
-10
-10
-10
-10
-10
-4.734748011084344
-5.773529142148006
-10
-10
-10
-4.28247077885451
-10
-10
-10
-10
-4.0060343431510805
-10
-10
-10
-6.401892476089111
-10
-10
-10
-10
-6.23624744126033
-10
-10
-10
-5.931031343825236
-5.48816976822275
-10
-5.598282675543098
-10
-4.617749651690898
-10
-5.1509914048222
-10
-10
-10
-10
-10
-10
-4.194891301435995
-5.384611110830482
-10
-3.8701548290873267
-10
-10
-10
-10
-10
-2.600951210653186
-10
-10
-4.090778198407338
-3.036265068613533
-10
-4.117252267798314
-5.321704314476378
-4.913740062844379
-2.3813313089233974
-10
-10
-10
-4.908345067127283
-10
-10
-4.070716911738201
-10
-10
-10
-10
-10
-10
-5.075784211092184
-10
-10
-10
-3.4277800232905777
-4.212914535172421
-10
-4.710640355986574
-10
-4.789957849122645
-10
-6.059139249773176
-10
-10
-10
-6.091046536035643
-4.999935894834528
-10
-10
-5.689566761260624
-4.045797862996878
-10
-10
-10
-4.671868590555653
-10
-10
-10
-5.6889661257361475
-10
-10
-4.015799806640244
-3.0737739219416365
-10
-10
-10
-4.7540572588756955
-10
-10
-10
-10
-10
-10
-2.2833822845048966
-10
-4.869671618927416
-10
-10
-10
-10
-10
-10
-10
-10
-10
-3.7671635543229387
-10
-10
-10
-10
-10
-10
-10
-10
-10
-5.290823471747505
-10
-10
-10
-10
-10
-10
-2.083342492455432
-10
-10
-10
-4.5519366250769515
-10
-4.07932325305989
-10
-3.527043361110809
-10
-10
-10
-10
-4.931749660461964
-5.262241164292833
-10
-3.7614535712935617
-10
-10
-4.760930545992102
-10
-5.255858592528678
-10
-10
-10
-10
-10
-10
-10
-3.480200990498947
-10
-10
-10
-10
-10
-4.328861021834365
-10
-10
-10
-4.295436683733241
-10
-10
-5.590085040340954
-3.8740670896553504
-4.81041929423212
-4.030782674308377
-10
-10
-3.3174704061874705
-4.398163201515085
-10
-4.482111001378346
-10
-10
-10
-10
-10
-10
-10
-10
-10
-10
-10
-3.6468972670464024
-10
-10
-3.6711037437323446
-10
-4.961200266018114
-10
-10
-10
-10
-10
-10
-10
-4.610372123740447
-10
-10
-10
-10
-10
-10
-10
-10
-10
-10
-10
-5.224426482884709
-10
-10
-2.9707717157814226
-10
-10
-4.989128661980317
-10
-10
-5.832274005996512
-10
-10
-10
-10
-10
-3.603132845969698
-10
-4.302862038939992
-10
-4.843148875803481
-10
-10
-10
-10
-10
-10
-10
-10
-2.5219243108112632
-10
-10
-10
-3.5654849425962767
-5.929757968409981
-6.136416490760112
-3.366919090962776
-4.154929731898859
-2.1870343085567483
-5.366171652254668
-3.983426555923911
-10
-10
-4.159996198922533
-3.6634602682486106
-4.333299595922769
-3.919246671916557
-10
-10
-10
-4.467403082624729
-10
-5.279650420725701
-10
-10
-10
-10
-10
-10
-10
-10
-10
-10
-5.294362515804729
-2.17246452248318
-3.1062956519945186
-10
-10
-10
-4.5523397879454475
-5.4770850585425315
-3.104023766471387
-2.941730870198984
-10
-10
-10
-10
-3.2981826751219847
-10
-5.934400958911552
-3.5725105249173854
-10
-10
-10
-1.811606593146628
-10
-3.569491319516537
-10
-10
-10
-10
-10
-10
-10
-10
-5.219377855616431
-5.080677194393042
-4.607047859342325
-10
-10
-4.546701600149645
-10
-4.228072053162769
-10
-10
-4.419159988511739
-10
-10
-10
-10
-10
-10
-4.016574309293954
-10
-10
-3.585397592707589
-10
-10
-5.638593352831373
-10
-10
-10
-10
-10
-10
-5.782733913280895
-3.9165348209924176
-10
-6.004026127843726
-10
-10
-10
-10
-2.4325852186861407
-10
-10
-2.8670362437576293
-10
-10
-10
-4.200289014237677
-10
-10
-10
-4.64623886373457
-4.2279155383537015
-4.047851115012987
-10
-10
-5.603742943206029
-10
-10
-10
-4.7305629084661
-10
-10
-5.519020310119885
-10
-10
-10
-10
-10
-10
-10
-10
-10
-10
-10
-5.100489576254667
-3.9359449680142604
-10
-10
-4.458079180879187
-4.403924689944019
-5.5453042534029775
-4.391393236783286
-10
-5.155367779353311
-10
-10
-10
-4.722886147395971
-4.0352943924265565
-1.9395627738106533
-10
-10
-2.9630456941535988
-5.093975166579508
-4.03546136637241
-10
-4.746430772032639
-10
-10
-10
-10
-10
-10
-10
-4.763587400391518
-4.528930593240877
-10
-4.0676282540269355
-10
-10
-5.314443108209322
-3.077942531497632
-2.7195589701472636
-10
-4.997348963486983
-10
-10
-10
-4.00590418785891
-10
-2.567207685959441
-10
-5.8560032075893
-10
-10
-3.320282827595066
-10
-10
-5.47325938254998
-4.556707523419245
-10
-10
-5.0795086905431095
-10
-10
-3.5537499517255053
-10
-10
-10
-10
-10
-10
-5.341163295680161
-10
-4.279552035324102
-10
-10
-10
-3.1402103227539646
-10
-10
-10
-2.363320769120688
-4.030448443433064
-4.043649344367516
-10
-4.156733847855316
-10
-10
-10
-4.149292377971416
-10
-10
-3.019070009024547
-3.4817211134982737
-10
-5.228132227087591
-10
-10
-10
-10
-10
-4.527052765445607
-2.6096220064839057
-10
-10
-10
-5.291799896376619
-10
-4.24575123116871
-10
-3.718186517250717
-4.125711366374839
-10
-10
-4.042903268806896
-10
-4.237884909731537
-10
-3.2106835972999095
-10
-5.30928733344172
-3.5619344203681464
-10
-10
-10
-10
-10
-5.220830767239713
-10
-3.689149895935181
-6.1374433460880455
-4.059694277460078
-2.5249514686481827
-5.460868101155432
-3.255437712412461
-5.434143865315052
-2.1527627574896977
-10
-3.4209809990999034
-10
-10
-10
-10
-6.108897676047427
-10
-10
-10
-4.519292250347273
-10
-5.656036291221973
-10
-10
-10
-10
-5.137413457012295
-10
-5.4558235825940296
-10
-10
-10
-10
-10
-4.366228623407724
-10
-5.816130205438482
-10
-5.808182476684792
-5.168119439637232
-10
-4.279231040940537
-10
-5.2144417053660135
-10
-2.9002949452263747
-10
-10
-10
-10
-4.919954835399917
-10
-10
-10
-5.845089703123509
-10
-3.754969238367826
-10
-10
-10
-10
-4.587450890112255
-10
-10
-10
-4.534368390686046
-10
-3.89880993819006
-3.0420251873126993
-10
-10
-4.473213207443388
-4.487634597995907
-4.876301401544139
-4.1763946628091855
-3.1238917284411043
-10
-6.031094450090949
-4.465310425740272
-10
-10
-10
-10
-10
-10
-3.41126390718502
-3.63411705172065
-2.434907152304219
-10
-10
-1.6295452935076615
-5.126947825785982
-4.00190487372698
-2.7049055302029923
-1.5410702107087677
-3.9855334946759493
-5.12630968362283
-10
-2.570477056387708
-10
-6.222046144720674
-3.366848056268007
-4.248480593128399
-10
-10
-10
-10
-4.380882101704587
-3.8707847171987844
-10
-10
-10
-3.6880633190700456
-10
-10
-10
-10
-10
-5.229622643498728
-5.182086508990799
-6.1087655810123165
-10
-10
-3.873688580777489
-10
-3.3211456952712344
-10
-4.452989135879701
-3.909732847865121
-10
-10
-10
-3.422370149638475
-10
-4.976549961587496
-10
-5.3922730772954095
-10
-10
-10
-10
-10
-5.128378930511496
-10
-10
-10
-3.893790756612117
-10
-3.4516486518301037
-3.2531134599368845
-3.7172329650258793
-4.672343921721187
-4.83152540941265
-10
-2.0334020781984803
-4.258487798141764
-10
-4.655381166921879
-10
-4.217886219547179
-5.227798430858995
-4.939364535688764
-10
-3.3826295075732657
-10
-10
-10
-10
-10
-4.782653067000667
-2.4218266623835576
-10
-4.612957762407553
-4.17694473305403
-3.0657448797093565
-10
-10
-10
-10
-10
-6.039534145945126
-1.8052214474373294
-10
-10
-10
-3.525229013223446
-10
-10
-4.573634941333193
-10
-5.164830327542213
-5.205463728967519
-10
-4.5762552461701045
-3.9873982014395595
-4.731623125394075
-10
-4.965248060942576
-10
-10
-10
-10
-10
-10
-10
-5.821695768893953
-10
-10
-10
-10
-10
-2.534543520670008
-10
-4.723684925067255
-10
-10
-2.8748643176721425
-2.430102364247681
-2.1061013574010197
-4.507041383605621
-10
-5.005383860253962
-4.812724245411301
-10
-10
-10
-10
-2.6046416857136077
-10
-10
-3.3581489960174484
-10
-10
-3.610963317113033
-10
-4.9433190185764975
-10
-10
-10
-4.043502188687542
-4.99112830018677
-10
-10
-10
-3.4691215045022297
-2.699965153617474
-10
-4.08250226357078
-10
-10
-10
-5.805266363884049
-10
-10
-5.590099900176346
-1.7915487605379783
-10
-10
-2.3632549394298548
-10
-10
-10
-3.9065795961491707
-3.7983909949841537
-10
-10
-10
-4.914434972169497
-5.857669276856073
-3.2053515475932266
-10
-5.379967889551276
-5.271668327753616
-10
-10
-10
-10
-10
-10
-10
-4.450071183168662
-10
-10
-10
-3.257936980291578
-5.092625900251777
-4.895546204968945
-4.2227980348180925
-6.714257454700199
-10
-10
-10
-3.653392465933887
-10
-10
-4.7122238285470015
-10
-10
-10
-10
-10
-10
-5.256532593955272
-10
-4.146022975313944
-5.158483142123878
-4.65982789672739
-10
-10
-3.7012880347146457
-3.450106273027961
-10
-2.869298135417473
-10
-10
-10
-10
-3.34562570709821
-10
-10
-10
-10
-10
-2.7823412572596804
-10
-3.2295665860788336
-10
-10
-3.3511499179165387
-10
-4.681712496592584
-5.187267761027139
-10
-10
-4.172817964483915
-10
-10
-10
-4.087671492528875
-10
-5.660660041653895
-10
-10
-10
-10
-10
-10
-10
-10
-10
-10
-10
-10
-10
-10
-10
-10
-10
-10
-2.642901395153253
-10
-4.707979787286591
-4.72170198951822
-6.207165584055033
-10
-5.567715289997222
-5.2364129273668825
-10
-10
-10
-10
-5.065956197754356
-4.280102053921307
-3.9265434604805822
-2.2613950968731635
-10
-10
-10
-3.368783381503044
-3.2697501935612086
-4.489279365774302
-4.315432381728024
-10
-10
-2.8003514573542563
-5.5912752631213225
-4.338025163020788
-10
-4.5508087387544265
-4.541238214172702
-3.9447535641378186
-10
-10
-10
-10
-10
-10
-3.8068315807850546
-3.728835676311763
-10
-10
-10
-10
-10
-4.535443983127253
-4.309941195840458
-10
-10
-10
-5.960387175546753
-10
-3.6035596835154444
-10
-10
-4.441122386941397
-10
-2.6115513560212236
-10
-10
-10
-3.5531525500412746
-10
-4.165807036855498
-10
-10
-10
-5.506742258614086
-4.516463571546911
-4.700162375718002
-10
-10
-10
-3.0909472407793652
-4.206404742329541
-10
-5.072547280445184
-1.9345015181175134
-10
-10
-10
-10
-10
-4.953246167616361
-10
-10
-4.05993627890615
-3.087364428485861
-10
-10
-4.181419573621717
-4.2410433388600755
-10
-4.737424970409621
-4.052663587667714
-10
-4.82285674694964
-10
-4.117339563752656
-10
-10
-10
-10
-10
-10
-10
-3.5126293654630283
-4.525222680854669
-10
-5.222120571570612
-10
-4.822442035013579
-10
-2.8227036537265575
-10
-10
-10
-1.2183021520838586
-10
-4.706476790920549
-4.537516663005724
-10
-3.6389248645556753
-1.9962588759871929
-5.134762591654973
-4.669391476810133
-5.978094028221033
-10
-5.900725182004556
-3.2492984377228753
-10
-3.46280685496337
-10
-10
-4.91912598770869
-4.353467990154067
-10
-10
-10
-5.181636183487253
-10
-4.774125956709463
-1.3202686626663327
-3.697331818803401
-4.731698081436981
-2.8971171306868007
-10
-10
-4.577247824210995
-10
-10
-10
-2.9676977515627003
-5.764044712694239
-10
-10
-10
-10
-4.900885650378162
-10
-10
-10
-10
-10
-10
-10
-5.1125450953198035
-3.281970158731597
-3.68899054466826
-10
-10
-10
-3.345947304946411
-3.0045844389196996
-3.6259925339542165
-10
-10
-10
-10
-10
-10
-10
-5.625200119048417
-10
-4.370313154011175
-10
-4.89754524888307
-10
-10
-10
-10
-10
-10
-4.511602814777003
-10
-10
-2.2091508475153034
-6.102052799454418
-10
-10
-3.432603163403174
-3.4253033873735452
-10
-10
-2.580940541220052
-10
-10
-5.60740208026057
-6.438042743057647
-3.1545161369960586
-10
-10
-10
-4.773481134570233
-10
-10
-10
-10
-4.638834949318813
-10
-10
-10
-10
-10
-10
-10
-10
-10
-3.225163768521286
-3.1824522438609426
-10
-5.6144320709215805
-5.396198688934159
-5.0644718837243285
-3.7422548454744593
-10
-10
-10
-10
-5.056215372008018
-10
-10
-10
-10
-10
-4.614825039540794
-6.074961106218339
-10
-10
-10
-10
-10
-10
-10
-10
-2.5500910313363088
-10
-10
-5.437927385764272
-10
-5.91106966005242
-10
-3.7039026366460326
-10
-10
-10
-10
-10
-4.8038249307232785
-1.3605201374331093
-10
-10
-10
-2.7293366812260196
-10
-10
-5.603599864138511
-4.420369140503096
-10
-3.9623817740829743
-10
-10
-10
-10
-10
-5.389662463965762
-10
-10
-5.053223208479531
-10
-4.397771844791035
-5.546227113369081
-10
-10
-4.540503358242076
-2.59399810802599
-4.725278195530521
-10
-3.2222481508907697
-10
-10
-10
-10
-10
-3.999295663314697
-4.576514630378212
-5.416856931095947
-5.93949751251577
-10
-4.276335945393286
-10
-3.6240273774139515
-4.195701475576824
-10
-10
-10
-10
-10
-10
-2.606414571572356
-10
-3.4508485555224158
-2.0377682805125445
-10
-4.34038619896158
-10
-10
-2.9279117577932325
-5.724711447672087
-10
-10
-10
-10
-10
-10
-10
-10
-10
-10
-10
-5.315225585032659
-10
-10
-10
-2.1907399316555054
-10
-2.7711276393993653
-3.5295960919786955
-10
-10
-10
-10
-3.603156031958398
-3.209567553133302
-2.5440262099018716
-5.261346021140884
-10
-10
-10
-1.6581016100248094
-10
-5.681910949332566
-4.050256294438556
-5.634514269571317
-10
-10
-10
-10
-5.133268666823911
-2.9840501136033035
-5.197440454113978
-4.100878383714218
-3.884331069505581
-4.134877492461585
-2.8078535664656674
-10
-2.713967514248245
-10
-10
-3.648650401008542
-10
-5.729389133057904
-10
-3.778043796225287
-4.3413218696020675
-10
-10
-4.138902890971579
-10
-10
-10
-6.135799832763434
-10
-2.4324463966032503
-10
-10
-10
-10
-10
-10
-10
-5.169922859548656
-10
-5.164904141044179
-5.4367687672181155
-10
-10
-10
-10
-5.927167280056906
-10
-10
-10
-4.592481503355797
-10
-10
-5.613349473927303
-5.06465200785955
-10
-10
-10
-10
-10
-10
-5.029832780090734
-10
-5.160232472134915
-4.089151410176617
-1.982202584983503
-10
-4.355328889340465
-3.9195755146493543
-10
-10
-10
-5.339358998724283
-1.1934143809212001
-2.5613157557761164
-2.499935660559747
-10
-10
-10
-10
-10
-10
-10
-4.598751593345295
-4.658043272213493
-4.555404894885461
-10
-3.999534291451713
-5.085694270221649
-3.7524836114521802
-3.3444448054859435
-10
-4.784481720406102
-6.079948265784946
-10
-10
-10
-4.829234742644745
-6.392687265345515
-10
-10
-2.1794618057072555
-10
-10
-3.804672333609158
-4.480688777616194
-10
-5.196889587212292
-3.7445276257557993
-10
-10
-10
-10
-10
-3.5704567278346007
-4.480641032238273
-10
-5.310779815311397
-10
-10
-10
-10
-10
-5.118549104366699
-10
-10
-4.932069470145464
-5.18717176263608
-10
-2.198394235640299
-10
-10
-10
-2.005006757267471
-10
-10
-10
-10
-10
-4.139539714077051
-4.7964651782799255
-3.9807107510211037
-4.213138292983341
-3.915344463106564
-3.7159038506349797
-5.515888616137604
-5.591368801336081
-10
-10
-10
-4.6667377559054986
-10
-2.05057221935441
-2.9159063479253584
-10
-2.2282480428283815
-3.802520340955273
-10
-3.9287241313482877
-3.3162606545672304
-4.077354545533896
-2.3871517453073388
-4.065411625656646
-10
-10
-5.868441915503257
-10
-2.8823654209375666
-10
-10
-2.0628771670221533
-10
-10
-10
-10
-10
-3.590630896477879
-10
-10
-10
-10
-5.319401584356632
-10
-10
-4.185858207176103
-10
-10
-4.3596284786043915
-10
-10
-10
-1.3212385602375378
-10
-10
-10
-10
-10
-5.23519565816379
-10
-1.913821458696478
-10
-3.0900130839420332
-2.7790346271815762
-3.03814327277352
-3.583489564605131
-10
-5.045367440852579
-1.6984900328662453
-10
-4.527237984773938
-10
-4.143872754696293
-3.2719792728956327
-4.43511906967046
-2.924306116654777
-10
-5.278405602078898
-4.717812482300374
-3.5548463185134915
-10
-3.7473805042544672
-10
-10
-4.250025530337618
-10
-10
-4.493959035285188
-10
-5.62576633344909
-3.8117626532417868
-10
-10
-10
-10
-10
-2.145144477013609
-10
-5.580061733814693
-10
-10
-4.364643070802221
-5.579135543280161
-4.797970286411573
-10
-4.572546293413911
-10
-5.107884841239105
-3.3099718719532003
-10
-5.037405793998648
-4.717554429910166
-4.361180505919411
-10
-3.6733784874614135
-10
-10
-4.892188276415457
-10
-10
-4.715985866878568
-10
-10
-3.3787861000666854
-10
-5.736962474818835
-4.869823356191663
-10
-0.8046440347843298
-10
-10
-10
-3.3382947179347338
-10
-1.9151183946656483
-10
-10
-3.7010224701136205
-10
-5.048325923609515
-10
-10
-10
-10
-10
-10
-5.300829989133853
-10
-2.8049581056709343
-5.522861631973557
-10
-4.9150631312515465
-4.418572576891286
-4.982389179801612
-4.853986187066164
-10
-10
-10
-10
-10
-4.853401515723495
-10
-3.787360093521635
-10
-10
-10
-10
-10
-10
-10
-3.1695332958678675
-10
-10
-10
-10
-3.374259369347661
-5.1351187028192555
-10
-5.700092618416104
-10
-10
-10
-3.6014499368318544
-10
-10
-10
-5.2386347491445
-10
-10
-4.6063235663521365
-5.270555868412863
-10
-4.407867532598355
-10
-10
-2.0770582823796184
-5.386981821243783
-3.915891380153765
-10
-10
-10
-3.0363779264597617
-10
-10
-4.467391257209275
-10
-10
-4.297219671417275
-10
-2.859012962215139
-10
-10
-10
-10
-10
-10
-10
-10
-4.423042600976215
-10
-10
-4.073992751350696
-10
-10
-10
-10
-4.714208459864968
-10
-10
-4.948017311268551
-10
-2.9205125534892833
-10
-10
-10
-10
-10
-4.774894553909407
-10
-10
-10
-10
-10
-10
-10
-10
-4.765017577458554
-10
-10
-10
-10
-10
-10
-10
-3.811100955978048
-4.1256671367743625
-3.1511245381186166
-10
-2.130031347531579
-10
-2.7112789149086645
-10
-10
-10
-1.8968094195373344
-4.245680040117483
-10
-5.155304235153479
-10
-5.427410880343432
-10
-10
-10
-10
-10
-10
-5.356779290878596
-10
-10
-10
-10
-3.6756248428309686
-10
-10
-10
-4.964328253571532
-10
-10
-10
-3.8485798820692616
-10
-10
-5.228786937418752
-1.7834516008529449
-10
-10
-3.7567443484745744
-10
-5.82941563882822
-10
-4.2477899555843806
-3.4425796435150584
-10
-10
-10
-10
-4.558415307079779
-10
-10
-10
-10
-10
-10
-10
-10
-10
-10
-10
-3.662246570533993
-3.8958851811742603
-10
-10
-5.795558619113287
-3.0330511961545494
-10
-10
-3.769683932633249
-1.9083815652780203
-5.067877528538841
-10
-10
-10
-10
-10
-10
-5.480640369056044
-10
-10
-10
-3.9558304221196603
-4.354884263503232
-10
-10
-10
-10
-10
-3.5597473452287645
-2.818504024118388
-1.5406994760905746
-10
-1.9220068028467525
-2.363828732131845
-2.952224980867199
-10
-10
-10
-5.531275041764121
-10
-10
-10
-5.2997535873680395
-10
-10
-4.399257356688226
-4.930609528333323
-5.283795872895504
-2.60592692520452
-10
-4.876780542295216
-10
-5.379153259985808
-3.7637701882153403
-5.247073823249904
-10
-10
-3.557150419958923
-10
-10
-10
-10
-10
-10
-3.2617794160111813
-5.026430227053077
-10
-3.332940027018589
-10
-10
-2.2526026300943585
-10
-4.102931693383283
-10
-5.765781020944784
-10
-4.8912749403235924
-6.259833543262812
-10
-10
-10
-10
-10
-4.176039989684039
-10
-4.131995959538041
-10
-10
-2.1099859195980377
-10
-10
-10
-10
-4.116123949666152
-3.7606281717319656
-4.859886690523265
-5.50741013639842
-10
-10
-10
-4.598458513687126
-10
-10
-10
-5.190663582045635
-10
-10
-10
-10
-10
-3.5252010791806514
-10
-10
-10
-10
-10
-10
-10
-4.828138887301942
-10
-2.986139381184991
-2.7367379438386945
-4.078810756226236
-3.7717793396788672
-10
-10
-10
-10
-3.248792776133387
-10
-10
-10
-10
-10
-4.879185104999131
-10
-10
-3.097330015115921
-10
-10
-4.19382954151123
-5.604453142339221
-4.629934492259532
-10
-10
-10
-10
-10
-4.052499832419719
-5.245018567713217
-10
-10
-10
-10
-10
-10
-10
-4.517507167021595
-10
-10
-10
-4.824465350379878
-2.6229495502604667
-3.876763656402935
-10
-5.190305770471421
-4.818219731431241
-10
-10
-10
-10
-4.219790636925328
-10
-10
-10
-3.092373579973695
-10
-4.88207815173463
-10
-10
-2.8953931885865565
-10
-1.7285801755063717
-10
-10
-5.5908764148361785
-10
-10
-10
-10
-10
-4.428438872282877
-10
-10
-10
-10
-10
-10
-5.614868384078246
-4.29530177663538
-10
-10
-10
-10
-10
-10
-4.882133822570651
-4.5606362521610215
-4.457446692363095
-10
-10
-2.7063576361979593
-10
-5.061435331899756
-10
-5.754907429954794
-10
-10
-5.214083269925121
-4.26928462037303
-10
-10
-10
-3.5907087741683172
-10
-10
-10
-3.771038785675607
-10
-10
-10
-10
-2.092010580117381
-10
-10
-10
-10
-10
-10
-10
-4.20441961529888
-10
-10
-10
-3.6432380474482504
-10
-5.030630454841922
-10
-10
-10
-10
-10
-10
-2.473851793440835
-10
-10
-10
-10
-5.135044637236178
-10
-10
-4.669840360266493
-3.4463412045667416
-10
-10
-10
-2.163628375267038
-10
-4.686913186168422
-3.926861142512494
-4.099281682592958
-10
-3.3962778910437814
-10
-3.860767704811802
-10
-10
-10
-5.505154521557834
-4.682986055958736
-4.4700657075634345
-10
-10
-10
-10
-10
-5.601671055310856
-10
-10
-10
-2.3240991790317302
-10
-10
-10
-3.7271284493057797
-10
-10
-2.818862837427803
-10
-5.693430206990042
-10
-10
-10
-5.048165881428475
-10
-2.792882438673854
-10
-10
-3.7517836266599827
-10
-10
-10
-4.7936134785046445
-10
-4.228889772650907
-10
-4.803868799038577
-10
-10
-3.730227836908401
-5.845546326306607
-10
-10
-10
-10
-4.516588677950389
-10
-10
-10
-10
-10
-10
-5.782346155180651
-10
-1.93668763710575
-10
-10
-10
-3.6147330443297254
-10
-4.751960724481333
-4.682355280619398
-10
-10
-10
-10
-10
-10
-10
-10
-10
-10
-10
-10
-5.088930984295348
-10
-10
-4.071622492557816
-10
-4.720563756726132
-10
-10
-10
-3.484063216558056
-5.728107664872108
-4.5092537145990015
-2.788846203374858
-4.127463242934285
-4.506875688960024
-10
-10
-10
-10
-10
-10
-4.9137875410085
-10
-2.675696808482221
-3.816216520357292
-10
-3.8408852874069885
-3.2102085817212123
-10
-10
-1.919714591657501
-10
-10
-4.4058224994542465
-10
-4.433276944575818
-4.964520244237054
-10
-10
-10
-10
-10
-10
-10
-4.46872145437813
-10
-10
-10
-3.0386364059212645
-10
-10
-10
-4.565471648459225
-2.76229273845946
-4.2633361034396335
-3.5388012741538937
-3.6713351965576035
-10
-5.347848687859259
-10
-5.067119618925092
-10
-4.309836808499522
-3.216310011956156
-10
-10
-10
-10
-10
-4.66211628179528
-10
-10
-3.6498584569305663
-10
-3.658160855396727
-10
-10
-5.515640950531901
-10
-10
-10
-10
-10
-10
-10
-10
-10
-10
-4.0553535260114355
-10
-10
-10
-4.175093463922728
-10
-10
-10
-10
-10
-10
-10
-3.31969274859669
-10
-4.570794746373053
-10
-4.590999593418699
-10
-2.555706304911226
-1.780204502656811
-10
-10
-10
-5.704246592228762
-10
-3.708184887498124
-10
-10
-10
-10
-10
-10
-10
-10
-10
-3.6759251118191996
-10
-3.4572062646949924
-10
-5.38784239128127
-4.482250656895073
-2.6276881273613606
-10
-10
-10
-5.57807749148997
-5.078021052241079
-10
-10
-10
-4.199759982400254
-5.657625146526116
-10
-10
-1.8541858101682198
-5.014133721925503
-4.004624940658861
-10
-10
-10
-4.58886847507741
-10
-5.873585549278829
-10
-10
-3.289928035479936
-10
-3.66096978410918
-10
-4.5186158491002635
-10
-10
-3.082510485939228
-10
-10
-3.0548225487653404
-10
-10
-10
-3.5800737466377095
-10
-10
-10
-10
-10
-0.9649166425837564
-10
-10
-5.869613254412987
-2.899437796407981
-10
-10
-10
-10
-10
-10
-10
-10
-10
-10
-10
-10
-10
-3.323293209646014
-10
-10
-3.3540255955661653
-4.2511373976602975
-5.5969187300213665
-10
-3.836827467989191
-10
-10
-10
-1.5426194554519794
-10
-10
-10
-10
-10
-4.080340119734288
-10
-10
-3.2743878124711996
-3.272351408109089
-10
-10
-10
-2.915306182004725
-4.09617221134339
-10
-3.1347231523235157
-1.352142930854856
-5.660152283312383
-10
-5.154885652278937
-10
-10
-10
-10
-10
-4.594367829893732
-4.9854846188974555
-4.023984018264563
-10
-3.0559337508990856
-10
-5.447730829670746
-10
-3.4849023042193217
-10
-3.407311300022031
-10
-3.91045853826861
-10
-10
-10
-10
-3.761756354575151
-10
-5.252103483282712
-10
-3.9778498173932144
-10
-10
-10
-4.162916660607154
-10
-4.0805835544565845
-5.047031896027664
-10
-10
-10
-3.0313920993033956
-4.280621886547521
-3.912705207050879
-10
-5.2879160500390014
-10
-10
-4.054875368028357
-4.397669650563676
-3.5634858548695343
-4.969126446669135
-3.745363662775236
-10
-4.704732773441405
-6.300212292594598
-10
-2.7175129218580456
-2.719346052921693
-4.760521690207321
-5.518560273080856
-10
-2.6504359063098772
-4.092664519071915
-10
-4.422248954770092
-10
-5.18349884206089
-10
-2.1626174259383717
-2.643317092905583
-10
-10
-10
-4.032287510408383
-10
-10
-2.7860771083735703
-10
-10
-4.760848733189931
-10
-4.942587802521473
-4.382805905391191
-4.66051710268181
-10
-2.2572739527028354
-10
-10
-2.0871748231553595
-10
-4.807089420005477
-4.5696458791588
-10
-10
-10
-3.0453836924683477
-10
-10
-10
-10
-10
-4.207351055353886
-3.8791822140889547
-10
-10
-10
-2.5275292395642976
-5.364938987140507
-4.272088915370259
-3.7163370159236697
-1.304533649245251
-10
-10
-10
-5.025533982092046
-3.949580222598015
-10
-3.3888936440491335
-10
-10
-4.766880280677311
-10
-10
-5.48229370038807
-3.0836455589272105
-3.9591004744483502
-4.072091381888947
-10
-10
-10
-10
-5.0161101217544495
-3.0855730408780118
-10
-10
-10
-10
-3.223383766942415
-10
-10
-10
-4.711338081849817
-5.053587755469688
-3.858408611176969
-10
-10
-10
-4.8071326751646986
-3.1631786698788895
-10
-10
-10
-10
-2.6463992158986382
-10
-10
-5.217966965872984
-10
-10
-4.9964872977329495
-10
-10
-10
-3.215962790606244
-1.7849862404022627
-10
-4.049247876074009
-4.134624882093355
-4.3629155991181
-2.7078936395922675
-10
-10
-5.555124613308004
-5.336657206969434
-10
-10
-10
-10
-2.280628355113787
-10
-10
-10
-5.2918976413723815
-5.16661076721038
-2.9062160392240384
-3.1940969395652825
-10
-4.404359370103251
-10
-1.9903499221942509
-5.136728391927266
-10
-10
-10
-10
-10
-3.113340332845201
-3.359142680785955
-10
-10
-4.0127484506994815
-10
-10
-10
-10
-10
-3.0859974380539192
-10
-4.741350479925416
-4.011856006260555
-10
-10
-10
-10
-10
-10
-4.954151484341555
-3.1152416831479357
-6.045541325043647
-5.004294902525679
-4.485009207988765
-10
-5.217490175604276
-10
-5.125076126050381
-2.0534140929903044
-10
-10
-10
-5.508527909201341
-4.515321750291258
-10
-10
-5.535826712725907
-10
-10
-3.552597641717162
-10
-10
-4.609347715062542
-10
-10
-5.336556706733644
-4.839111930661363
-10
-5.733149822850486
-10
-5.286292483817933
-4.454580184586896
-10
-4.993864576943723
-10
-10
-4.941941142270544
-10
-10
-4.1757258122084355
-10
-10
-4.1834663569678945
-5.46436104051098
-10
-4.013618546972486
-4.6337239515277755
-10
-4.0875288133094845
-5.096329158196106
-3.133926535364647
-4.65896374005913
-10
-10
-10
-10
-5.965730640723443
-4.938142229846356
-4.656361702615207
-3.9271745339852377
-2.5758780982225122
-10
-10
-10
-3.868134327380505
-4.630387491384455
-4.322033436822538
-10
-10
-10
-4.420256784537592
-5.20139153836633
-10
-10
-10
-2.867557971656746
-10
-5.459344539095008
-10
-2.562211487090658
-10
-10
-10
-4.888873027991039
-10
-4.953494024998282
-1.943889562074609
-3.8419874188337437
-10
-3.048957565025596
-10
-4.801347709131035
-4.1412127199994275
-5.4270924092544774
-3.8616048960847875
-10
-10
-10
-4.600615121367495
-10
-3.3241549596776245
-10
-3.093471311983542
-4.278693135448982
-5.469850932280318
-10
-10
-10
-10
-4.069378830045649
-5.8139127684831315
-4.686083736423887
-10
-4.363440742029288
-4.364388618267856
-2.143455063602496
-10
-3.5022320229302517
-4.508479662877891
-2.7291567105235526
-2.9884556821899464
-10
-10
-2.9070248609078813
-3.5885808432189745
-10
-5.105489664522679
-3.310922425217406
-10
-5.080325030531922
-3.271071729168469
-10
-10
-4.650893271941669
-10
-10
-10
-10
-4.417540319628495
-10
-10
-2.1722559057850743
-2.667565997884288
-10
-10
-10
-10
-10
-10
-10
-5.087832398318822
-4.493285199150857
-10
-5.232030924020783
-10
-2.093967462728008
-5.0001338324651154
-10
-5.007923471051381
-10
-10
-10
-10
-4.1342840372138046
-10
-10
-4.540874783005233
-4.088829619914574
-10
-10
-10
-4.33283563226731
-10
-10
-10
-2.692038306990544
-3.6234565999218553
-4.731766068749476
-10
-10
-10
-4.9783586242122
-4.80551688476054
-10
-10
-10
-10
-10
-5.14519488805408
-10
-10
-10
-1.7535219020692066
-10
-5.109114408753214
-3.675320670804755
-4.7251559908912935
-3.809299987868318
-4.835891309530034
-4.881720405257242
-10
-10
-4.287569615233156
-3.721340597077271
-1.657161179098912
-3.4285287292679336
-10
-2.3796172341218904
-10
-10
-10
-4.955555468209086
-4.61159692814152
-3.128949479564247
-10
-5.8086936384311585
-2.150850657760018
-5.959299423351983
-10
-10
-10
-10
-10
-4.664083404991274
-10
-10
-10
-10
-10
-4.30060577138676
-10
-3.8388245361413924
-10
-10
-1.9570430272605972
-3.461775543211327
-10
-10
-10
-10
-5.945684832417546
-1.924513512147932
-4.9584827365527575
-1.786391470891438
-10
-10
-10
-4.046764277380755
-4.30713929091935
-4.179287112698633
-10
-10
-10
-1.7320350433504033
-5.567321663811586
-4.880059003039806
-3.5317793364901107
-10
-10
-10
-10
-10
-2.7936118524518863
-6.326079274840627
-10
-2.719588703953356
-10
-5.4195646463349245
-3.8785613300664905
-10
-4.2947792458966365
-1.3758889305476427
-4.38576051659378
-2.0225717072561857
-10
-4.210897257972915
-4.813027912249956
-10
-10
-4.407699682069633
-10
-10
-10
-10
-4.55583232133227
-3.2996681892350788
-3.248711152002351
-4.875888955723802
-1.7530097965587912
-2.5848457618029483
-2.18048645063031
-4.432660402412556
-10
-10
-10
-10
-3.888399151017897
-4.866707614402413
-4.338499298226884
-3.6378556353710367
-3.8156341407489656
-4.7221812376928325
-10
-10
-0.8340473975351892
-10
-3.8610503747301452
-10
-10
-10
-3.420414314386264
-3.755119770332235
-5.205087621151126
-4.556718406277093
-10
-2.2434646069844764
-10
-3.6427174198046313
-2.758470938785348
-10
-2.190872117477792
-10
-10
-10
-10
-10
-5.436281569364675
-10
-2.6426219761048895
-3.792312468392076
-10
-4.34482781724328
-4.649348742570349
-10
-3.2306103553261156
-10
-10
-10
-10
-10
-10
-4.117060118846193
-10
-10
-5.018727715158974
-1.7084614071961666
-4.782737643655856
-5.3181005101035
-10
-10
-10
-5.643055341905114
-10
-3.7100969702259516
-4.2764625061580945
-2.424530517246808
-10
-5.574550264106496
-2.6823570210620407
-10
-5.029007172929947
-10
-10
-10
-10
-4.986268136900177
-10
-5.897859492040725
-10
-4.811377535656109
-3.792263699754021
-10
-10
-3.981650187970293
-1.857559839002743
-4.205352988560643
-10
-4.544311377390786
-10
-5.287941652973171
-10
-10
-10
-10
-3.0633532203399287
-3.4580474498570615
-10
-3.9836125953351798
-3.20121602870643
-10
-4.597562925833801
-10
-2.9384624785542943
-4.513940931718588
-10
-10
-10
-10
-2.914759411192085
-10
-10
-4.264755467907614
-10
-2.1518850586691642
-3.900496224475139
-10
-10
-10
-10
-3.7505961193037898
-5.037160646517576
-5.136048611077298
-5.739345654684074
-1.9542769412413998
-5.373819286286043
-10
-10
-2.204234084797495
-10
-4.624676172107102
-10
-10
-4.824870135238783
-5.080290066288249
-3.22043775514265
-2.94100391767628
-10
-10
-10
-3.4136880251440664
-6.1401082468577615
-3.864120370243832
-10
-10
-4.596758633795097
-10
-3.8495995077641756
-4.988613073393741
-3.6217968436698467
-4.620391073137153
-10
-10
-3.9235529319880813
-10
-4.97178831977633
-2.737424570285637
-10
-10
-4.165420665797154
-4.74620451477297
-3.4607320885303237
-10
-4.57564223316029
-1.9451789717197905
-3.466890855206367
-10
-10
-10
-3.5007150699417933
-10
-4.6147231426943
-4.358710406604363
-10
-10
-10
-4.620246522574796
-5.324307963479204
-4.296441224242443
-10
-4.324834851700061
-4.945236139419581
-4.9730048496612405
-10
-4.380229459198806
-5.564216003713102
-5.4877613328297015
-5.5269221381051645
-10
-10
-10
-10
-10
-5.918903629593153
-10
-5.2687294957023605
-5.08212759565132
-10
-5.016869680422323
-10
-4.379168355655447
-5.487317816355749
-10
-3.04235832000549
-10
-10
-5.448461088757575
-3.6871791567639773
-10
-10
-10
-4.61796364360542
-4.650504291271856
-10
-4.324644765754449
-2.3657560978327634
-10
-4.531424671975703
-10
-10
-10
-4.149381175208472
-10
-10
-10
-2.855942313270097
-10
-10
-3.7659940914634458
-2.3490901326723685
-5.000939168782046
-10
-10
-10
-2.0947702786937366
-10
-3.8008184190444116
-10
-10
-10
-10
-10
-10
-10
-10
-10
-10
-10
-10
-2.5275379074984823
-10
-10
-10
-2.8237692587663403
-2.2307000514764566
-10
-5.833121790823609
-10
-10
-10
-10
-10
-10
-3.248138845910516
-10
-4.8597693521896765
-10
-10
-3.3065594818247677
-10
-4.134021735567414
-4.467058038698809
-3.2815913786336504
-10
-10
-2.8176837304598994
-1.3987281668639053
-10
-10
-2.8127380241967295
-10
-4.851070989542801
-10
-5.091023695317999
-10
-2.0724183377684207
-10
-10
-3.909451265327608
-10
-5.913815792588751
-10
-10
-4.566124775139086
-3.4429670075495955
-10
-3.987133613684332
-10
-4.770377178369321
-10
-10
-10
-1.9030777063086157
-10
-10
-10
-10
-3.5360760359413845
-3.9520433636797865
-5.289033272729809
-10
-10
-10
-4.61287099453732
-4.790773815306763
-10
-10
-3.3610903679722193
-10
-10
-10
-4.080711754202299
-4.040528401527848
-10
-10
-2.9514189825195722
-10
-5.456419110314319
-10
-10
-10
-10
-5.116271695075955
-10
-5.746682055890766
-4.450751864475313
-4.676597567473552
-10
-10
-4.767611571097907
-10
-10
-10
-5.15514644169907
-10
-10
-5.4292557486924045
-10
-10
-5.060924155869969
-10
-4.8385418433253715
-10
-4.103136149426446
-10
-2.1580758733781256
-3.431020967730374
-5.659952122761397
-4.848640591232529
-4.923328008483607
-5.912993755328011
-3.041180789519296
-3.1262151094382724
-4.349971168114071
-1.363031447258049
-6.272733230096634
-4.774719624745453
-10
-10
-10
-10
-10
-3.7179754331951975
-4.843067952653568
-4.144507121149145
-10
-3.2348834756712623
-5.043923802451757
-4.307179082244419
-5.08547583535675
-10
-10
-3.053936604773122
-10
-3.7554262549551365
-10
-5.136829989266939
-10
-10
-3.1933125087371197
-5.673759151370894
-3.2203815757923664
-3.81083594515903
-10
-4.140897570528741
-10
-10
-4.13076539294084
-5.2656165275400495
-4.292286386781468
-4.130136252297332
-2.566309366211286
-10
-10
-10
-2.412653345250876
-2.7417057244829963
-10
-10
-4.253431067221939
-10
-4.872260590440396
-2.138263000608156
-3.6723787502074448
-10
-4.23954977048313
-10
-10
-10
-10
-3.544298237326209
-4.546648675224527
-2.2930521717956505
-10
-3.3958476761892946
-5.577596600330966
-6.087741718731094
-10
-10
-10
-10
-10
-4.893072662588499
-2.9535944643445586
-10
-10
-10
-10
-10
-10
-3.660478120060616
-10
-10
-10
-10
-4.605656293502346
-10
-10
-10
-3.758844315207715
-10
-10
-10
-5.5676718007973225
-10
-10
-4.599343480017939
-5.229061689503041
-10
-10
-10
-10
-10
-10
-10
-10
-10
-10
-10
-10
-4.27333207547211
-5.431314294706066
-10
-10
-5.164462883911472
-6.049062623979151
-10
-4.62579632003213
-6.0533789357634165
-10
-10
-5.527666818166989
-4.617365321764594
-4.540905894160808
-10
-10
-3.910786929601737
-10
-2.431799211321353
-10
-4.21330767686479
-1.87991409295227
-4.17465378182334
-4.852557898660796
-10
-10
-10
-6.32691610929275
-10
-2.7494935603907042
-10
-1.9566322805193626
-1.684070858837849
-1.3924637131884
-3.986024643443068
-4.420236661194766
-4.557498401865257
-10
-5.013407565598823
-10
-10
-10
-5.3925839501450765
-1.608387126805163
-4.25898438791506
-5.709356626311759
-10
-4.332753314052779
-10
-2.156542178960888
-4.555555887094085
-3.3354997924527874
-10
-3.5550271900085595
-10
-10
-3.817942386261432
-5.3357761243490796
-10
-5.175971307314514
-3.0196411188254277
-4.359402711711388
-3.561069197130322
-10
-5.07164722908468
-10
-5.67608893685904
-10
-10
-10
-3.394293060084796
-10
-10
-10
-5.508615771125101
-10
-4.919615047337286
-4.67646271272569
-10
-10
-10
-4.6863524868502795
-2.3031081643778344
-10
-5.1466055077276724
-10
-10
-4.206777887612456
-10
-3.5658489212644393
-3.9771787979286986
-4.052204758104795
-10
-5.790946031644536
-4.8563759037284555
-10
-1.843020223165552
-3.434519796286616
-4.894791515096706
-5.5199470973430085
-10
-10
-10
-10
-10
-5.057752051823028
-10
-10
-10
-10
-5.095292586523715
-3.288156204241325
-3.9861862564816217
-10
-10
-4.407543112936123
-4.891586057170208
-10
-10
-10
-5.107968197061558
-10
-3.6947826950407796
-4.107429890705049
-2.1283383779727028
-2.685826120377947
-2.5473135414150296
-1.8716831004447445
-10
-10
-10
-10
-5.417966727303304
-10
-4.969961745042333
-4.537151090912831
-10
-10
-3.4688524310528717
-10
-10
-10
-10
-10
-4.249103574659655
-10
-10
-3.4454211326876947
-10
-10
-10
-5.277896021539002
-5.144102279154184
-4.680038322019181
-2.8323029657976453
-4.662893812786395
-10
-10
-4.794872124524618
-10
-2.245985685058015
-10
-4.13218423190446
-3.325106119259509
-10
-2.6833590163395016
-10
-5.880895203666716
-5.8734174870608316
-3.0101261750810626
-10
-2.647844099989018
-10
-4.680018925052108
-3.8899652324203444
-5.8837669211324375
-3.103858673718098
-10
-10
-10
-10
-3.7018713670624894
-10
-10
-3.5594840064544093
-10
-10
-2.756243581408355
-10
-4.872199023715
-10
-1.8148593437944611
-10
-10
-5.341325405749903
-4.576305417296843
-3.530142617398944
-4.805985568172746
-3.864130743842699
-3.867034273189665
-10
-3.7535412667636368
-10
-3.9480780046506263
-10
-4.5378538131417585
-3.9324676922564032
-10
-10
-10
-10
-4.084933142176658
-10
-10
-4.402628232794473
-5.36004285347534
-10
-4.617555856780763
-2.8020411255687385
-4.108199022436974
-3.073429769209012
-5.387590322875102
-3.3972575934124114
-4.022066293396739
-3.829190231476347
-10
-10
-10
-10
-10
-10
-10
-10
-4.324794180707475
-5.147528722053817
-10
-10
-5.122570968190471
-10
-3.548651906733076
-2.8380515522432006
-10
-4.922155970755703
-10
-10
-10
-10
-10
-10
-3.9900826249120183
-10
-10
-10
-10
-2.1781384221796207
-10
-10
-10
-4.439674121224673
-10
-10
-4.095221450731817
-3.5571267092832386
-4.535424921752124
-10
-5.407904532886034
-10
-10
-10
-2.767829274791442
-10
-10
-3.165735194089053
-5.4950772051864085
-4.067302690544
-5.709105014710985
-3.7510980592563152
-5.109366681707423
-2.971769221113127
-10
-4.9943655062461385
-10
-10
-10
-2.277527040838492
-3.3005882362061008
-10
-10
-4.401371088659865
-3.768208282155409
-10
-10
-10
-10
-10
-10
-2.4423878808057884
-2.9190974572089115
-3.757507502749892
-10
-10
-3.532948082812668
-10
-5.224990039252631
-3.9816669068726913
-10
-4.074828704386821
-3.953466108487532
-4.540488823645023
-10
-10
-5.654557585400719
-10
-10
-2.891991314906515
-10
-10
-10
-10
-10
-10
-10
-10
-10
-10
-4.860894519752843
-10
-10
-10
-10
-2.4567778509797185
-4.293399434040306
-10
-3.3796007304509432
-5.052325909524841
-10
-10
-10
-10
-3.531590035335926
-10
-2.4974238106946394
-10
-10
-10
-10
-10
-10
-10
-3.1659411485246127
-10
-10
-3.0267784506457764
-5.293503288214333
-10
-3.9172946080650823
-10
-10
-4.427249029938716
-3.296632979982579
-10
-10
-10
-10
-2.5939390822239305
-10
-5.07763879741548
-10
-10
-10
-3.3518305127113748
-1.3795806375944493
-10
-4.699207906644515
-5.971705591489687
-10
-10
-2.963364669847702
-3.3770994820045694
-3.1856985056619025
-10
-10
-10
-2.34082812826607
-2.059272551688729
-4.630414571896685
-4.991095980851989
-10
-10
-10
-10
-10
-10
-3.096544809724965
-10
-10
-2.987825070248643
-10
-5.011693265418625
-10
-10
-10
-3.9102334805812764
-10
-10
-5.395291822500269
-10
-10
-10
-10
-3.867923586662754
-10
-3.4962054313214015
-10
-10
-3.3666212941898186
-5.1363863161285455
-4.854192237338443
-10
-10
-3.3241079117604526
-10
-4.686683826500474
-10
-10
-10
-10
-10
-3.7714157797606562
-3.6067643544160273
-3.404380266297607
-4.136415488933594
-10
-10
-3.053900890926752
-3.41772135097528
-3.5474148476630014
-3.096363800140292
-10
-10
-10
-10
-2.8781924266205383
-10
-2.3667590564763628
-10
-6.005461262940918
-10
-5.2791485324800815
-10
-10
-10
-5.077169428433267
-3.6123752458471428
-10
-10
-10
-3.3846992309085002
-10
-5.207227027508633
-4.672182165448546
-10
-10
-10
-10
-10
-10
-10
-10
-4.582678666294961
-10
-10
-2.5121719822357518
-2.749190124600972
-10
-10
-10
-3.244935348768124
-10
-10
-10
-10
-4.554583203163404
-10
-10
-4.941771234842077
-4.824756946257425
-4.467324072540356
-10
-10
-10
-4.434427372035326
-5.760393153242331
-3.903284930136453
-3.9735645830884083
-4.807721143757057
-10
-10
-10
-10
-3.8830917762923796
-4.445882694086654
-10
-10
-10
-10
-10
-4.255720951153019
-4.044792866237376
-4.4297049201952365
-10
-5.3869164631683235
-10
-5.498402078671024
-3.6687342616815886
-10
-2.979901220554243
-4.107909380456695
-4.255943361200508
-10
-10
-3.9598558588212063
-2.9683002599957797
-10
-10
-5.489562186723989
-4.760448231202512
-10
-4.348151550567178
-4.709392208483303
-5.030085922370845
-10
-10
-10
-10
-4.878940697095687
-3.322509306302389
-5.776454369605715
-5.524362833223604
-10
-10
-10
-10
-5.9897543683651335
-10
-10
-10
-4.577077098373957
-10
-10
-2.8507849450977396
-10
-2.4425334220209387
-4.370157201328525
-2.3931192898403078
-3.509372951810401
-4.72296600726334
-10
-5.454760025101155
-2.8964504915462683
-10
-10
-10
-10
-10
-10
-10
-4.925166370709752
-10
-10
-10
-10
-2.207095193175758
-5.140153943242461
-10
-3.5002134030934764
-10
-2.6526693550646563
-3.9076781540404726
-10
-3.635134029797467
-10
-5.589737075295195
-10
-10
-10
-4.623726631998363
-5.260087395351508
-10
-10
-10
-10
-10
-10
-10
-4.135221714155375
-10
-10
-10
-10
-5.154268991695197
-3.9338813897129628
-10
-10
-10
-2.7942169934054437
-10
-10
-5.069127811262831
-3.656878872450375
-10
-10
-10
-5.9630245525454475
-10
-4.888222394134203
-3.4222287210349798
-10
-10
-1.9407268094764107
-10
-10
-10
-4.416462295019466
-3.659283898137952
-10
-10
-5.3528000724654525
-10
-10
-3.837647952689877
-10
-10
-10
-3.1836175753205964
-10
-10
-10
-5.715122241052914
-2.0892758369199034
-4.482318193924194
-6.0631021803136145
-10
-10
-10
-10
-10
-3.2986375250392834
-10
-4.898499884773171
-2.173042995655452
-3.014715245089167
-2.041197839610783
-10
-10
-10
-10
-4.46312988047908
-10
-10
-10
-10
-10
-10
-10
-10
-10
-10
-10
-2.709140505536175
-10
-2.3539400552908134
-2.816023154975393
-10
-10
-5.639915365976722
-10
-10
-2.0541759358240084
-4.832082744362479
-10
-3.1308962126206596
-5.037117209186066
-10
-3.263674432765103
-10
-3.543048183405854
-10
-10
-10
-10
-10
-3.3016065349519073
-3.2712184382738987
-4.581234151645379
-10
-10
-10
-10
-2.3666293576729944
-10
-10
-4.948412796968549
-4.393686720715405
-3.793324524353267
-10
-10
-3.9351455551882975
-10
-3.6798997668587603
-10
-4.0722547452651945
-10
-5.551178277123672
-5.375942090255713
-1.9036874471977008
-10
-6.523383758892583
-4.464422904128293
-3.7187354075930497
-10
-10
-10
-10
-10
-2.17500593277078
-10
-4.598557994074466
-4.716473269851004
-5.449343622045522
-4.462680191102252
-3.85718856253442
-10
-10
-5.015386263082432
-10
-10
-4.203360028541246
-4.942990903266558
-10
-10
-10
-10
-10
-3.293331683709632
-10
-2.3491086520071387
-4.424336337598493
-2.557542564533411
-10
-10
-10
-10
-5.198062693901288
-10
-5.912641762043071
-2.5598363492405563
-4.205090070872014
-3.83500161338058
-5.833842143483524
-2.788436997756334
-10
-10
-4.280889668935322
-10
-2.2455229272641346
-3.5313859441420723
-5.5717430627207545
-10
-3.9860677562763804
-2.71021247416039
-10
-3.549471840197401
-10
-10
-3.6850340388067457
-10
-4.483577332006776
-5.437529437296591
-4.171477032814037
-3.6636028932042444
-5.2353597681799044
-5.5883978645877965
-3.1935077042279802
-10
-10
-4.515756610377318
-4.504675510173433
-3.5749641209560536
-4.534981100195623
-10
-10
-10
-10
-10
-10
-4.434875402568765
-10
-10
-10
-4.851197207682985
-10
-4.130153852573332
-5.534422740259769
-4.559769460838832
-3.249170825255262
-10
-4.3857515545826775
-3.444682136302754
-3.332111315242057
-4.236779445661639
-4.841313896803095
-4.452358960715838
-4.349155617445354
-2.6030882765851167
-4.011778142250612
-5.045211593954243
-10
-10
-10
-10
-3.6924377804257897
-10
-10
-5.3807131078260095
-2.1891754779238566
-10
-5.655037287688244
-10
-4.7748567589361866
-10
-3.7697044283276906
-10
-10
-3.6107206603531123
-3.4133721293859116
-4.574500040737393
-10
-10
-10
-3.568824392038399
-10
-4.824165845717005
-10
-10
-10
-10
-5.808482576939588
-10
-10
-5.950049850678623
-10
-10
-10
-4.640898079551011
-6.206490899921635
-5.348230033718222
-10
-10
-2.1163615161438605
-10
-10
-3.483679166351689
-6.212529309795938
-10
-3.772197641734657
-10
-4.946610613589012
-10
-10
-3.720924944636982
-5.829536884683355
-2.5944452484052674
-10
-10
-5.365013505114781
-5.128611688110571
-10
-3.321394527972728
-10
-10
-10
-5.304955630456106
-10
-10
-10
-10
-3.001582476450236
-4.951462668274843
-10
-10
-10
-10
-10
-4.682107743548832
-4.6076648218727065
-10
-10
-5.100203919813962
-3.827498114562625
-3.456616332794712
-10
-10
-3.2953010686059727
-2.0232507212260122
-3.6347715768832343
-10
-10
-10
-10
-4.113810296885265
-10
-4.363461994481662
-4.930151482059874
-10
-10
-10
-10
-2.9283800237237525
-4.031199079901305
-10
-3.852918849681963
-2.934385665985223
-5.571579359161701
-1.9746229385887681
-5.874992059681876
-10
-3.2639578195532057
-6.385417122753969
-3.998876480870165
-10
-10
-10
-10
-3.8485824586933806
-10
-3.650549380536633
-3.0092574889548755
-4.074066229095843
-6.766660539045649
-10
-10
-10
-10
-10
-4.533936857953045
-5.181316521066525
-10
-10
-10
-10
-3.751212178932217
-4.189262603085033
-10
-3.5498020530728995
-10
-3.5899984863982723
-4.568705685897555
-10
-3.61614049867391
-10
-10
-5.703190291735763
-3.358783236640987
-3.6208034755520035
-5.08784546796846
-3.922217971122442
-10
-4.901199690004612
-3.3686930166468922
-10
-5.7394239663226525
-4.497426738043465
-10
-10
-10
-4.1848192271769395
-10
-3.395463270996047
-5.363478436823565
-2.70478243015521
-10
-10
-4.546737973193124
-4.633442017819042
-4.437881724154051
-3.983248023008917
-10
-4.870307804596489
-10
-3.6997275223401074
-3.1861668664799514
-4.128993704685495
-2.2847575688726565
-4.250394921337666
-10
-10
-5.692971944397389
-10
-10
-10
-3.965828756356615
-5.186243054091627
-10
-10
-10
-10
-10
-4.0032654552857325
-10
-10
-3.8972471025536715
-5.663225703750131
-10
-3.830776228619671
-4.194468416320742
-10
-5.176279882185126
-4.771093352241018
-10
-10
-10
-4.725388541202776
-4.12140093683282
-4.03744650750568
-3.8472744507132193
-5.081263689556929
-5.106366148849032
-10
-3.5041437639666793
-5.329868571502098
-3.5447363556917777
-4.902711965301277
-5.687673113929463
-10
-10
-10
-2.701887127800252
-10
-10
-10
-10
-10
-4.875700530883178
-3.515308117574167
-4.56373530818955
-10
-10
-10
-3.750617030766499
-10
-10
-2.8681787391122677
-10
-3.451350080570264
-4.54693490531153
-10
-2.615831847664977
-10
-5.932980003896517
-6.7145076229518
-10
-5.0477919564980285
-3.7703618224354423
-5.5751653589177295
-5.8160451605629335
-4.921919505127482
-6.06383131234686
-4.680877604448811
-10
-3.0977044518669317
-3.1414262379143576
-10
-4.990458018069901
-10
-10
-10
-4.1591716603941284
-5.871357358378547
-10
-3.4523442968654914
-3.043680229812802
